11:50:02.1040	0	2158	0	0
11:50:03.1500	0	769	350	0
11:50:04.1400	0	376	0	0
11:50:05.0990	0	0	0	0
11:50:06.1190	0	0	0	0
11:50:07.1100	0	0	0	0
11:50:08.1000	0	1131	0	0
11:50:09.1200	0	3162	0	0
11:50:10.1100	0	878	853	0
11:50:11.0990	0	0	0	0
11:50:12.1200	69	880	0	0
11:50:13.1900	69	603	0	0
11:50:14.0990	69	2060	843	0
11:50:15.1520	69	580	0	0
11:50:16.1260	69	863	0	0
11:50:17.1160	69	0	0	0
11:50:18.1200	69	890	0	0
11:50:19.1100	69	2176	357	0
11:50:20.0990	69	0	0	0
11:50:21.1320	69	784	0	0
11:50:22.1100	69	0	0	0
11:50:23.0990	69	542	0	0
11:50:24.1540	69	1943	1495	0
11:50:25.1090	69	695	0	0
11:50:27.5690	69	666	665	0
11:50:27.6300	70	664	0	0
11:50:28.1100	73	646	646	635
11:50:29.1000	80	629	1006	0
11:50:30.1200	80	281	0	0
11:50:31.1100	79	381	424	0
11:50:32.1000	79	571	0	0
11:50:33.1200	79	0	0	0
11:50:34.1100	79	667	0	0
11:50:35.1000	82	677	1421	0
11:50:36.1500	85	1474	698	0
11:50:37.1400	87	384	323	424
11:50:38.1000	88	403	0	0
11:50:39.1200	89	721	403	0
11:50:40.1100	89	465	717	0
11:50:41.1000	90	384	424	301
11:50:42.1200	90	365	0	0
11:50:43.1100	90	649	639	0
11:50:44.1000	90	427	0	0
11:50:45.1210	90	1221	0	0
11:50:46.1100	90	564	0	0
11:50:47.1000	90	809	893	0
11:50:48.1200	90	0	0	0
11:50:49.1100	90	0	0	0
11:50:50.1000	90	337	0	0
11:50:51.1200	90	0	0	0
11:50:52.1320	90	604	3093	1275
11:50:53.1010	90	269	0	0
11:50:54.1200	90	0	0	0
11:50:55.1100	90	438	0	0
11:50:56.1000	90	260	2922	0
11:50:57.1210	90	342	518	0
11:50:58.1110	90	824	310	396
11:50:59.1010	90	521	0	0
11:51:00.1200	90	451	0	0
11:51:01.1110	90	1539	0	0
11:51:02.1000	90	1104	0	0
11:51:03.1200	90	0	0	0
11:51:04.1100	88	801	691	0
11:51:05.1210	87	714	312	651
11:51:06.1210	87	0	0	0
11:51:07.1100	87	0	0	0
11:51:08.1000	87	2394	0	0
11:51:09.1550	87	773	0	0
11:51:10.1410	87	783	0	0
11:51:11.1010	86	790	0	0
11:51:12.1210	81	766	784	653
11:51:13.1100	80	288	0	0
11:51:14.1210	79	606	910	0
11:51:15.1210	78	840	0	0
11:51:16.1110	78	567	0	0
11:51:17.1010	77	300	855	813
11:51:18.1200	77	0	0	0
11:51:19.1110	77	451	0	0
11:51:20.1000	77	0	0	0
11:51:21.1210	77	646	0	0
11:51:22.1100	77	1212	0	0
11:51:23.1010	77	2274	0	0
11:51:24.1210	77	856	0	0
11:51:25.1110	77	859	0	0
11:51:26.1010	76	861	0	0
11:51:27.1210	74	864	889	0
11:51:28.1110	73	862	0	0
11:51:29.1310	72	859	0	0
11:51:30.1210	72	859	0	0
11:51:31.1110	72	849	0	0
11:51:32.1010	72	806	817	0
11:51:33.1210	72	829	0	0
11:51:34.1110	72	865	0	0
11:51:35.1010	72	859	0	0
11:51:36.1210	72	864	0	0
11:51:37.1110	71	868	0	0
11:51:38.1010	71	898	0	0
11:51:39.1210	71	872	883	0
11:51:40.1110	70	915	922	0
11:51:41.1010	70	705	0	0
11:51:42.1510	70	0	0	0
11:51:43.1410	69	1068	0	0
11:51:44.1010	68	904	0	0
11:51:45.1210	68	872	857	0
11:51:46.1110	68	835	0	0
11:51:47.1010	68	794	0	0
11:51:48.1210	69	769	0	0
11:51:49.1110	71	794	876	0
11:51:50.1010	71	865	0	0
11:51:51.1210	70	639	0	0
11:51:52.1110	70	1065	0	0
11:51:53.1010	70	1345	0	0
11:51:54.1210	69	276	803	0
11:51:55.1110	69	811	449	0
11:51:56.1010	69	369	0	0
11:51:57.1210	69	0	0	0
11:51:58.1120	69	1612	0	0
11:51:59.1010	69	850	805	0
11:52:00.1210	70	793	809	0
11:52:01.1110	72	835	263	0
11:52:02.1010	73	543	491	0
11:52:03.1210	73	338	844	0
11:52:04.1110	73	275	0	0
11:52:05.1010	74	596	849	642
11:52:06.1210	74	0	0	0
11:52:07.1110	74	0	0	0
11:52:08.1010	74	1091	0	0
11:52:09.1210	74	863	0	0
11:52:10.1110	73	836	0	0
11:52:11.1310	73	854	865	0
11:52:12.1220	72	867	832	0
11:52:13.1120	72	831	481	310
11:52:14.1010	72	326	0	0
11:52:15.1510	72	636	0	0
11:52:16.1410	72	870	274	0
11:52:17.1020	72	607	0	0
11:52:18.1210	72	916	0	0
11:52:19.1120	72	925	0	0
11:52:20.1320	70	880	829	0
11:52:21.1810	70	822	0	0
11:52:22.1120	71	280	0	0
11:52:23.1010	71	541	1601	0
11:52:24.1220	72	552	0	0
11:52:25.1120	72	0	0	0
11:52:26.1010	72	294	0	0
11:52:27.1210	72	888	0	0
11:52:28.1120	72	1702	0	0
11:52:29.1010	72	858	0	0
11:52:30.1210	72	1743	852	0
11:52:31.1110	72	0	0	0
11:52:32.1010	72	835	0	0
11:52:33.1220	72	853	813	0
11:52:34.1130	72	826	649	0
11:52:35.1020	72	0	0	0
11:52:36.1210	73	1102	0	0
11:52:37.1420	73	850	0	0
11:52:38.1020	73	851	0	0
11:52:39.1220	72	851	0	0
11:52:40.1120	72	860	832	0
11:52:41.1020	72	844	0	0
11:52:42.1220	72	856	0	0
11:52:43.1120	71	870	0	0
11:52:44.1020	71	824	815	0
11:52:45.1220	71	816	0	0
11:52:46.1120	72	785	0	0
11:52:47.1020	72	770	0	0
11:52:48.1520	73	791	790	0
11:52:49.1420	73	769	0	0
11:52:50.1020	74	755	0	0
11:52:51.1220	74	779	0	0
11:52:52.1120	74	818	826	811
11:52:53.1020	74	317	0	0
11:52:54.1220	74	479	0	0
11:52:55.1120	73	784	732	0
11:52:56.1020	74	715	0	0
11:52:57.1220	76	720	0	0
11:52:58.1120	78	742	766	0
11:52:59.1020	79	764	0	0
11:53:00.1220	79	794	0	0
11:53:01.1130	78	803	0	0
11:53:02.1320	78	792	767	0
11:53:03.1430	78	774	0	0
11:53:04.1120	78	782	0	0
11:53:05.1020	78	775	742	0
11:53:06.1220	78	759	0	0
11:53:07.1120	78	773	0	0
11:53:08.1020	78	791	775	0
11:53:09.1220	78	766	0	0
11:53:10.1120	78	766	0	0
11:53:11.1320	78	778	0	0
11:53:12.1220	78	794	782	0
11:53:13.1130	78	809	0	0
11:53:14.1020	77	821	0	0
11:53:15.1220	77	822	761	0
11:53:16.1120	77	764	285	0
11:53:17.1020	77	483	0	0
11:53:18.1220	78	777	0	0
11:53:19.1150	78	750	768	0
11:53:20.1020	78	777	0	0
11:53:21.1520	78	789	0	0
11:53:22.1430	78	744	728	0
11:53:23.1020	78	694	0	0
11:53:24.1220	80	665	654	0
11:53:25.1330	81	669	0	0
11:53:26.1020	82	700	0	0
11:53:27.1230	83	699	739	0
11:53:28.1420	82	794	877	0
11:53:29.1020	81	391	0	0
11:53:30.1220	80	476	0	0
11:53:31.1120	79	843	0	0
11:53:32.1030	77	865	873	0
11:53:33.1220	76	828	0	0
11:53:34.1120	75	746	0	0
11:53:35.1020	76	740	738	0
11:53:36.1220	76	749	0	0
11:53:37.1130	77	724	0	0
11:53:38.1240	78	743	774	0
11:53:39.1230	78	820	0	0
11:53:40.1130	77	816	811	0
11:53:41.1020	76	641	1012	0
11:53:42.1220	76	0	0	0
11:53:43.1130	75	284	0	0
11:53:44.1020	75	1287	0	0
11:53:45.1220	75	788	0	0
11:53:46.1130	76	843	0	0
11:53:47.1090	76	345	0	0
11:53:48.1220	77	527	0	0
11:53:49.1130	77	462	859	0
11:53:50.1020	78	374	473	0
11:53:51.1220	78	863	0	0
11:53:52.1230	78	512	340	0
11:53:53.1020	78	848	1021	0
11:53:54.1530	78	256	302	778
11:53:55.1420	78	426	438	0
11:53:56.1030	78	0	0	0
11:53:57.1250	78	666	0	0
11:53:58.1130	78	756	0	0
11:53:59.1030	77	435	534	0
11:54:00.1450	76	383	0	0
11:54:01.1130	75	584	429	0
11:54:02.1030	74	396	0	0
11:54:03.1530	74	659	0	0
11:54:04.1130	74	661	681	0
11:54:05.1030	75	726	0	0
11:54:06.1230	77	747	0	0
11:54:07.1130	78	724	741	0
11:54:08.1030	79	779	0	0
11:54:09.1230	79	843	0	0
11:54:10.1130	77	883	839	0
11:54:11.1030	77	818	0	0
11:54:12.1230	74	406	409	822
11:54:13.1130	74	345	0	0
11:54:14.1030	73	452	794	0
11:54:15.1230	73	803	0	0
11:54:16.1130	73	775	0	0
11:54:17.1030	73	727	0	0
11:54:18.1230	75	753	0	0
11:54:19.1130	76	796	0	0
11:54:20.1030	76	884	0	0
11:54:21.1230	74	881	854	984
11:54:22.1130	74	694	0	0
11:54:23.1030	73	773	0	0
11:54:24.1230	74	766	462	0
11:54:25.1130	75	312	0	0
11:54:26.1030	75	783	0	0
11:54:27.1530	76	825	0	0
11:54:28.1430	76	818	0	0
11:54:29.1330	75	871	0	0
11:54:30.1230	73	899	893	0
11:54:31.1130	72	800	0	0
11:54:32.1030	72	767	0	0
11:54:33.1230	73	758	773	0
11:54:34.1130	74	789	0	0
11:54:35.1030	74	786	0	0
11:54:36.1230	74	810	0	0
11:54:37.1130	74	831	0	0
11:54:38.1030	74	867	837	0
11:54:39.1230	74	824	0	0
11:54:40.1130	73	829	0	0
11:54:41.1030	73	839	0	0
11:54:42.1230	73	838	0	0
11:54:43.1140	73	811	823	859
11:54:44.1030	73	342	0	0
11:54:45.1230	73	523	0	0
11:54:46.1140	73	835	0	0
11:54:47.1030	73	799	0	0
11:54:48.1440	73	799	0	0
11:54:49.1130	74	808	0	0
11:54:50.1330	74	1564	0	0
11:54:51.1240	74	820	0	0
11:54:52.1430	74	881	901	0
11:54:53.1030	72	817	0	0
11:54:54.1230	75	703	660	674
11:54:55.1130	83	352	293	492
11:54:56.1030	84	410	0	0
11:54:57.1450	84	0	0	0
11:54:58.1140	86	375	0	0
11:54:59.1030	87	644	0	0
11:55:00.1530	88	1438	0	0
11:55:01.1430	88	1129	1267	0
11:55:02.1330	87	646	0	0
11:55:03.1240	87	655	0	0
11:55:04.1140	88	671	676	0
11:55:05.1030	88	893	0	0
11:55:06.1230	88	500	0	0
11:55:07.1140	88	751	835	0
11:55:08.1030	88	893	842	551
11:55:09.1230	88	0	0	0
11:55:10.1350	87	460	0	0
11:55:11.1030	87	523	777	0
11:55:12.1230	87	836	0	0
11:55:13.1140	85	851	0	0
11:55:14.1040	82	839	0	0
11:55:15.1240	78	826	817	701
11:55:16.1140	76	484	442	0
11:55:17.1030	76	535	0	0
11:55:18.1230	75	279	0	0
11:55:19.1140	75	836	0	0
11:55:20.1030	75	871	0	0
11:55:21.1230	74	881	0	0
11:55:22.1140	72	878	870	0
11:55:23.1550	71	854	0	0
11:55:24.1240	71	805	783	0
11:55:25.1140	72	625	0	0
11:55:26.1030	72	898	0	0
11:55:27.1230	73	728	0	0
11:55:28.1140	74	757	0	0
11:55:29.1040	76	795	816	0
11:55:30.1240	76	780	0	0
11:55:31.1140	75	773	0	0
11:55:32.1040	76	764	764	0
11:55:33.1540	76	737	0	0
11:55:34.1440	77	733	0	0
11:55:35.1340	78	740	771	0
11:55:36.1230	78	793	0	0
11:55:37.1140	78	783	0	0
11:55:38.1040	77	803	0	0
11:55:39.1240	77	824	845	0
11:55:40.1140	76	823	0	0
11:55:41.1040	76	796	0	0
11:55:42.1240	76	785	0	0
11:55:43.1440	76	774	747	0
11:55:44.1040	76	713	0	0
11:55:45.1240	78	706	715	0
11:55:46.1140	78	747	0	0
11:55:47.1040	79	780	775	0
11:55:48.1240	78	766	0	0
11:55:49.1140	78	770	0	0
11:55:50.1040	78	784	0	0
11:55:51.1240	78	789	0	0
11:55:52.1140	78	764	762	0
11:55:53.1040	78	767	0	0
11:55:54.1240	78	779	0	0
11:55:55.1140	78	752	737	0
11:55:56.1040	78	729	0	0
11:55:57.1240	79	718	0	0
11:55:58.1150	80	730	742	0
11:55:59.1040	80	747	0	0
11:56:00.1240	80	755	0	0
11:56:01.1140	80	789	0	0
11:56:02.1040	79	818	821	0
11:56:03.1250	79	788	0	0
11:56:04.1140	78	779	0	0
11:56:05.1040	78	764	735	0
11:56:06.1540	78	709	0	0
11:56:07.1440	79	698	688	0
11:56:08.1340	80	677	0	0
11:56:09.1250	81	677	0	0
11:56:10.1140	82	703	759	0
11:56:11.1040	82	835	0	0
11:56:12.1240	81	851	0	0
11:56:13.1150	80	813	776	0
11:56:14.1340	79	744	0	0
11:56:15.1240	80	692	680	0
11:56:16.1150	80	671	0	0
11:56:17.1050	81	678	0	0
11:56:18.1240	83	676	687	0
11:56:19.1140	83	692	0	0
11:56:20.1260	84	712	721	0
11:56:21.1240	84	708	0	0
11:56:22.1140	84	716	707	0
11:56:23.1040	84	696	0	0
11:56:24.1240	84	699	0	0
11:56:25.1150	84	717	737	0
11:56:26.1040	84	739	0	0
11:56:27.1240	84	714	0	0
11:56:28.1150	84	718	717	0
11:56:29.1300	84	717	0	0
11:56:30.1240	84	707	713	0
11:56:31.1150	84	729	0	0
11:56:32.1340	84	748	0	0
11:56:33.1240	83	764	739	0
11:56:34.1150	83	761	0	0
11:56:35.1640	82	775	0	0
11:56:36.1250	80	779	765	630
11:56:37.1140	80	0	0	0
11:56:38.1040	80	874	0	0
11:56:39.1250	79	733	710	0
11:56:40.1450	80	720	0	0
11:56:41.1350	81	724	750	0
11:56:42.1240	81	737	361	397
11:56:43.1150	81	0	0	0
11:56:44.1050	81	771	0	0
11:56:45.1240	81	775	0	0
11:56:46.1150	80	745	0	0
11:56:47.1050	80	709	0	0
11:56:48.1250	80	1304	0	0
11:56:49.1150	79	1276	1214	382
11:56:50.1040	79	574	0	0
11:56:51.1250	78	789	0	0
11:56:52.1150	78	575	575	0
11:56:53.1050	78	566	0	0
11:56:54.0950	79	576	580	0
11:56:55.1150	83	586	587	0
11:56:56.1050	89	597	0	0
11:56:57.0950	92	614	645	0
11:56:58.1150	93	686	0	0
11:56:59.1050	92	689	0	0
11:57:00.0950	91	679	688	0
11:57:01.1190	91	716	0	0
11:57:02.1050	90	772	0	0
11:57:03.0950	88	828	0	0
11:57:04.1170	85	807	785	0
11:57:05.1050	84	798	0	0
11:57:06.0940	83	818	0	0
11:57:07.1150	81	798	762	0
11:57:08.1040	81	785	0	0
11:57:09.0940	80	813	0	0
11:57:10.1140	80	837	0	0
11:57:11.1040	79	805	0	0
11:57:12.0940	78	818	831	0
11:57:13.1440	77	812	0	0
11:57:14.1630	77	759	0	0
11:57:15.0940	77	754	761	0
11:57:16.1130	77	789	0	0
11:57:17.1030	77	776	0	0
11:57:18.0930	77	779	0	0
11:57:19.1130	77	802	844	0
11:57:20.1030	77	815	0	0
11:57:21.0930	76	796	0	0
11:57:22.1130	76	803	0	0
11:57:23.1330	76	813	762	0
11:57:24.0930	76	765	0	0
11:57:25.1130	76	789	0	0
11:57:26.1030	76	831	0	0
11:57:27.0930	76	813	0	0
11:57:28.1130	76	820	828	0
11:57:29.1030	75	823	0	0
11:57:30.0930	75	779	0	0
11:57:31.1130	75	780	0	0
11:57:32.1030	75	805	827	0
11:57:33.0930	75	802	0	0
11:57:34.1130	75	814	0	0
11:57:35.1030	75	819	826	0
11:57:36.0930	74	778	456	0
11:57:37.1130	74	320	0	0
11:57:38.1020	74	776	0	0
11:57:39.0930	73	788	0	0
11:57:40.1130	74	771	809	0
11:57:41.1030	75	855	0	0
11:57:42.0920	74	874	0	0
11:57:43.1130	74	821	0	0
11:57:44.1030	73	828	811	0
11:57:45.0930	73	776	0	0
11:57:46.1430	74	757	0	0
11:57:47.1330	75	761	776	0
11:57:48.0930	75	762	0	0
11:57:49.1130	75	799	0	0
11:57:50.1030	75	816	0	0
11:57:51.0930	75	806	745	0
11:57:52.1330	75	735	0	0
11:57:53.1040	76	736	0	0
11:57:54.0930	77	746	730	0
11:57:55.1130	77	746	0	0
11:57:56.1230	78	782	0	0
11:57:57.0930	78	816	0	0
11:57:58.1130	77	791	757	0
11:57:59.1030	77	771	0	0
11:58:00.0930	77	795	0	0
11:58:01.1340	77	809	760	0
11:58:02.1030	77	748	0	0
11:58:03.0930	77	772	0	0
11:58:04.1130	77	814	0	0
11:58:05.1540	77	846	794	0
11:58:06.0930	76	807	0	0
11:58:07.1130	76	811	0	0
11:58:08.1030	76	843	0	0
11:58:09.0930	75	814	783	0
11:58:10.1130	75	803	0	0
11:58:11.1030	75	803	0	0
11:58:12.0930	75	783	729	0
11:58:13.1130	76	714	0	0
11:58:14.1030	77	732	0	0
11:58:15.0930	78	734	699	0
11:58:16.1140	78	691	0	0
11:58:17.1030	79	725	0	0
11:58:18.0930	80	770	748	0
11:58:19.1430	80	764	0	0
11:58:20.1330	80	782	0	0
11:58:21.1230	79	808	0	0
11:58:22.1130	79	816	768	0
11:58:23.1030	78	767	0	0
11:58:24.0930	78	769	0	0
11:58:25.1130	78	802	780	0
11:58:26.1030	78	798	0	0
11:58:27.0930	78	831	0	0
11:58:28.1140	77	876	0	0
11:58:29.1330	77	852	0	0
11:58:30.1230	75	852	844	0
11:58:31.1130	75	803	0	0
11:58:32.1030	75	733	0	0
11:58:33.0930	76	742	742	0
11:58:34.1130	76	779	0	0
11:58:35.1030	76	771	0	0
11:58:36.0930	77	853	0	0
11:58:37.1130	76	923	0	0
11:58:38.1030	75	916	0	0
11:58:39.0930	74	823	808	0
11:58:40.1130	74	793	0	0
11:58:41.1030	74	784	0	0
11:58:42.0930	75	736	752	0
11:58:43.1140	75	758	0	0
11:58:44.1030	76	804	0	0
11:58:45.0940	76	802	0	0
11:58:46.1130	76	781	806	0
11:58:47.1040	76	824	0	0
11:58:48.0930	76	827	0	0
11:58:49.1130	75	781	0	0
11:58:50.1030	75	771	771	0
11:58:51.0940	76	773	0	0
11:58:52.1430	76	741	688	0
11:58:53.1330	77	657	0	0
11:58:54.1240	80	646	645	0
11:58:55.1130	81	652	0	0
11:58:56.1030	83	649	655	0
11:58:57.0930	83	0	0	0
11:58:58.1140	84	767	0	0
11:58:59.1030	84	687	0	0
11:59:00.1240	82	1700	812	0
11:59:01.1140	81	787	0	0
11:59:02.1030	81	773	0	0
11:59:03.0940	79	766	750	0
11:59:04.1140	79	736	0	0
11:59:05.1040	80	736	0	0
11:59:06.0930	80	741	758	0
11:59:07.1140	80	779	0	0
11:59:08.1040	80	769	0	0
11:59:09.0940	79	798	0	0
11:59:10.1140	79	829	0	0
11:59:11.1240	78	851	834	0
11:59:12.0940	77	825	0	0
11:59:13.1140	77	844	0	0
11:59:14.1040	76	883	0	0
11:59:15.0940	76	885	0	0
11:59:16.1140	75	841	0	0
11:59:17.1040	74	846	842	0
11:59:18.0940	74	847	0	0
11:59:19.1140	73	831	0	0
11:59:20.1040	73	800	0	0
11:59:21.0940	73	819	0	0
11:59:22.1140	73	841	840	0
11:59:23.1040	73	804	0	0
11:59:24.1140	73	829	0	0
11:59:25.1440	73	847	0	0
11:59:26.1340	73	826	795	0
11:59:27.1240	73	787	0	0
11:59:28.1140	73	771	0	0
11:59:29.1040	74	754	729	0
11:59:30.0940	75	764	0	0
11:59:31.1140	75	816	0	0
11:59:32.1040	75	835	0	0
11:59:33.0940	75	770	777	0
11:59:34.1140	75	763	0	0
11:59:35.1040	76	732	0	0
11:59:36.0940	77	738	760	0
11:59:37.1140	77	776	0	0
11:59:38.1040	77	762	0	0
11:59:39.0940	77	771	0	0
11:59:40.1140	77	787	797	0
11:59:41.1040	77	783	0	0
11:59:42.0940	77	758	0	0
11:59:43.1150	77	767	788	0
11:59:44.1040	77	792	0	0
11:59:45.0940	77	796	0	0
11:59:46.1350	77	816	0	0
11:59:47.1040	77	839	0	0
11:59:48.0940	76	805	826	0
11:59:49.1140	76	836	0	0
11:59:50.1040	75	831	0	0
11:59:51.1240	75	779	0	0
11:59:52.1440	75	786	786	0
11:59:53.1040	75	798	0	0
11:59:54.0940	75	768	0	0
11:59:55.1140	75	794	0	0
11:59:56.1040	75	821	837	0
11:59:57.0940	75	834	0	0
11:59:58.1440	75	832	0	0
11:59:59.1340	75	827	0	0
12:00:00.1240	74	822	793	0
12:00:01.1150	74	787	0	0
12:00:02.1040	74	784	0	0
12:00:03.0940	75	788	771	0
12:00:04.1140	75	766	0	0
12:00:05.1040	75	777	0	0
12:00:06.0940	76	817	0	0
12:00:07.1140	75	813	0	0
12:00:08.1260	75	804	828	0
12:00:09.0950	75	841	0	0
12:00:10.1140	75	827	0	0
12:00:11.1040	74	805	0	0
12:00:12.0940	74	789	775	0
12:00:13.1150	75	751	0	0
12:00:14.1040	75	758	0	0
12:00:15.0950	76	766	0	0
12:00:16.1140	76	811	816	0
12:00:17.1050	76	854	0	0
12:00:18.0950	75	864	0	0
12:00:19.1150	75	859	0	0
12:00:20.1040	74	816	0	0
12:00:21.1450	74	827	826	0
12:00:22.1150	74	790	0	0
12:00:23.1050	74	767	0	0
12:00:24.0950	74	778	797	0
12:00:25.1140	75	810	0	0
12:00:26.1040	75	793	0	0
12:00:27.0950	75	818	0	0
12:00:28.1450	75	834	0	0
12:00:29.1050	74	815	800	0
12:00:30.1160	74	803	0	0
12:00:31.1150	74	820	0	0
12:00:32.1350	74	774	743	0
12:00:33.1250	75	744	0	0
12:00:34.1140	75	750	0	0
12:00:35.1050	76	771	0	0
12:00:36.0950	76	776	0	0
12:00:37.1150	76	836	875	0
12:00:38.1050	76	859	0	0
12:00:39.1250	75	836	0	0
12:00:40.1450	75	816	0	0
12:00:41.1050	74	823	798	0
12:00:42.0950	74	793	0	0
12:00:43.1150	75	775	746	0
12:00:44.1050	75	691	0	0
12:00:45.0950	77	673	658	0
12:00:46.1150	78	649	0	0
12:00:47.1050	81	646	645	0
12:00:48.0950	82	652	0	0
12:00:49.1150	83	692	0	0
12:00:50.1050	84	767	0	0
12:00:51.0950	83	814	830	0
12:00:52.1150	82	809	0	0
12:00:53.1050	81	785	0	0
12:00:54.0950	80	742	741	0
12:00:55.1150	80	735	0	0
12:00:56.1050	80	745	0	0
12:00:57.0950	80	770	0	0
12:00:58.1150	80	783	806	0
12:00:59.1050	80	815	0	0
12:01:00.0950	79	866	0	0
12:01:01.1150	78	895	0	0
12:01:02.1050	77	885	0	0
12:01:03.0950	76	860	0	0
12:01:04.1150	75	815	814	0
12:01:05.1560	75	823	0	0
12:01:06.1250	75	839	0	0
12:01:07.1150	75	850	0	0
12:01:08.1050	74	823	815	0
12:01:09.0950	74	809	0	0
12:01:10.1150	74	807	0	0
12:01:11.1050	74	775	0	0
12:01:12.0950	75	756	778	0
12:01:13.1160	75	836	0	0
12:01:14.1260	75	890	0	0
12:01:15.0950	74	850	0	0
12:01:16.1150	74	827	0	0
12:01:17.1050	74	841	0	0
12:01:18.1300	73	850	853	0
12:01:19.1150	73	811	0	0
12:01:20.1050	73	809	0	0
12:01:21.0950	73	794	787	0
12:01:22.1150	73	764	0	0
12:01:23.1180	74	787	0	0
12:01:24.0950	74	818	0	0
12:01:25.1150	74	884	0	0
12:01:26.1050	74	876	0	0
12:01:27.1160	73	893	890	0
12:01:28.1160	72	876	0	0
12:01:29.1050	72	827	0	0
12:01:30.0950	72	823	0	0
12:01:31.1150	72	817	0	0
12:01:32.1060	72	813	782	0
12:01:33.1560	72	799	0	0
12:01:34.1460	73	830	0	0
12:01:35.1050	73	856	0	0
12:01:36.0950	73	847	0	0
12:01:37.1150	72	846	852	0
12:01:38.1350	72	851	0	0
12:01:39.1250	72	813	0	0
12:01:40.1150	72	785	0	0
12:01:41.1060	73	786	797	0
12:01:42.0960	73	797	0	0
12:01:43.1160	73	755	0	0
12:01:44.1050	74	777	0	0
12:01:45.0970	74	791	826	0
12:01:46.1160	74	812	0	0
12:01:47.1050	74	823	0	0
12:01:48.0950	74	827	0	0
12:01:49.1160	74	813	750	0
12:01:50.1050	74	748	0	0
12:01:51.0960	75	738	0	0
12:01:52.1150	76	760	749	0
12:01:53.1060	76	764	0	0
12:01:54.0960	77	788	0	0
12:01:55.1160	77	830	0	0
12:01:56.1060	76	802	807	0
12:01:57.0960	76	813	0	0
12:01:58.1160	76	797	0	0
12:01:59.1360	76	755	771	0
12:02:00.0960	76	784	0	0
12:02:01.1160	76	795	0	0
12:02:02.1360	76	760	0	0
12:02:03.0960	77	765	768	0
12:02:04.1160	77	789	0	0
12:02:05.1060	77	760	0	0
12:02:06.0960	77	771	767	0
12:02:07.1160	77	776	0	0
12:02:08.1060	77	741	0	0
12:02:09.0960	78	727	738	0
12:02:10.1160	78	751	0	0
12:02:11.1570	78	752	0	0
12:02:12.1260	79	747	776	0
12:02:13.1160	79	807	0	0
12:02:14.1060	78	795	0	0
12:02:15.0960	78	788	0	0
12:02:16.1160	78	802	805	0
12:02:17.1060	77	769	0	0
12:02:18.0960	77	740	0	0
12:02:19.1160	78	740	739	0
12:02:20.1060	78	729	0	0
12:02:21.0960	79	705	721	0
12:02:22.1160	80	716	0	0
12:02:23.1060	80	731	0	0
12:02:24.1170	81	710	725	0
12:02:25.1160	81	749	0	0
12:02:26.1060	81	777	0	0
12:02:27.0960	80	763	716	0
12:02:28.1160	80	680	0	0
12:02:29.1060	82	668	672	0
12:02:30.0960	83	694	0	0
12:02:31.1460	84	711	690	0
12:02:32.1060	84	719	0	0
12:02:33.0960	84	740	0	0
12:02:34.1160	84	781	0	0
12:02:35.1060	83	771	754	0
12:02:36.0960	82	766	0	0
12:02:37.1160	82	790	0	0
12:02:38.1060	81	773	750	0
12:02:39.1260	81	772	0	0
12:02:40.1160	80	780	0	0
12:02:41.1060	80	770	717	0
12:02:42.0960	80	732	0	0
12:02:43.1170	80	754	0	0
12:02:44.1370	80	796	0	0
12:02:45.1260	80	787	771	0
12:02:46.1170	79	777	0	0
12:02:47.1070	79	794	0	0
12:02:48.0960	79	804	0	0
12:02:49.1160	78	809	845	0
12:02:50.1370	78	857	0	0
12:02:51.0970	77	840	0	0
12:02:52.1160	76	765	751	0
12:02:53.1060	76	743	0	0
12:02:54.0970	77	747	0	0
12:02:55.1170	78	706	729	0
12:02:56.1080	78	754	0	0
12:02:57.0970	79	779	0	0
12:02:58.1170	78	778	736	0
12:02:59.1070	78	757	0	0
12:03:00.1270	79	753	0	0
12:03:01.1170	79	742	705	0
12:03:02.1080	79	686	0	0
12:03:03.0970	81	693	705	0
12:03:04.1170	81	734	0	0
12:03:05.1070	81	755	0	0
12:03:06.0970	81	730	694	0
12:03:07.1170	82	702	0	0
12:03:08.1290	82	716	0	0
12:03:09.0970	82	752	780	0
12:03:10.1170	82	779	0	0
12:03:11.1070	81	713	678	0
12:03:12.0970	82	682	0	0
12:03:13.1170	82	698	0	0
12:03:14.1070	83	734	789	0
12:03:15.0970	83	805	0	0
12:03:16.1470	82	772	0	0
12:03:17.1370	81	770	0	0
12:03:18.1270	81	769	750	0
12:03:19.1170	80	741	0	0
12:03:20.1070	80	742	0	0
12:03:21.1180	80	773	792	0
12:03:22.1170	80	758	0	0
12:03:23.1070	80	781	0	0
12:03:24.0970	79	775	767	0
12:03:25.1170	79	729	0	0
12:03:26.1070	80	707	713	0
12:03:27.0970	80	714	0	0
12:03:28.1180	81	733	0	0
12:03:29.1370	81	722	720	0
12:03:30.0980	81	744	0	0
12:03:31.1170	81	766	0	0
12:03:32.1070	81	791	0	0
12:03:33.0970	80	765	773	0
12:03:34.1170	80	773	0	0
12:03:35.1080	80	769	712	0
12:03:36.0970	80	713	0	0
12:03:37.1170	80	704	0	0
12:03:38.1070	81	693	705	0
12:03:39.0970	82	722	0	0
12:03:40.1180	82	750	734	0
12:03:41.1080	82	697	0	0
12:03:42.0970	82	714	0	0
12:03:43.1170	82	735	0	0
12:03:44.1070	82	773	782	0
12:03:45.0970	82	754	0	0
12:03:46.1170	81	767	0	0
12:03:47.1070	81	768	782	0
12:03:48.0970	80	753	0	0
12:03:49.1170	80	745	0	0
12:03:50.1370	80	765	0	0
12:03:51.1270	80	792	828	0
12:03:52.1170	79	813	0	0
12:03:53.1080	79	822	0	0
12:03:54.1280	78	825	0	0
12:03:55.1170	77	828	801	0
12:03:56.1070	77	810	0	0
12:03:57.0980	76	813	0	0
12:03:58.1170	76	820	0	0
12:03:59.1080	76	789	775	0
12:04:00.0970	76	786	0	0
12:04:01.1180	76	808	0	0
12:04:02.1070	76	801	0	0
12:04:03.0970	76	779	805	0
12:04:04.1170	76	829	0	0
12:04:05.1290	76	818	0	0
12:04:06.0980	75	814	0	0
12:04:07.1180	75	816	832	0
12:04:08.1070	75	817	0	0
12:04:09.1270	75	784	0	0
12:04:10.1180	75	784	0	0
12:04:11.1380	75	782	762	0
12:04:12.0980	75	763	0	0
12:04:13.1470	76	800	0	0
12:04:14.1080	76	847	0	0
12:04:15.0980	75	843	802	0
12:04:16.1180	75	792	0	0
12:04:17.1080	75	796	0	0
12:04:18.1190	75	793	0	0
12:04:19.1180	75	766	775	0
12:04:20.1380	75	786	0	0
12:04:21.0980	76	813	0	0
12:04:22.1180	76	815	0	0
12:04:23.1080	75	787	798	0
12:04:24.1580	75	810	0	0
12:04:25.1180	75	819	0	0
12:04:26.1080	75	792	0	0
12:04:27.1190	75	776	796	0
12:04:28.1180	75	828	0	0
12:04:29.1080	75	828	0	0
12:04:30.0980	75	797	755	0
12:04:31.1180	75	753	0	0
12:04:32.1080	76	751	0	0
12:04:33.0980	77	701	664	0
12:04:34.1180	78	656	0	0
12:04:35.1080	79	663	0	0
12:04:36.0980	81	680	796	0
12:04:37.1180	81	853	0	0
12:04:38.1080	80	828	0	0
12:04:39.0980	79	812	795	0
12:04:40.1180	78	773	0	0
12:04:41.1080	78	751	0	0
12:04:42.0980	79	729	715	0
12:04:43.1180	79	701	0	0
12:04:44.1080	80	695	699	0
12:04:45.1280	81	704	0	0
12:04:46.1180	81	715	0	0
12:04:47.1080	82	731	0	0
12:04:48.0980	82	761	784	0
12:04:49.1190	81	804	0	0
12:04:50.1080	81	809	0	0
12:04:51.0980	80	800	0	0
12:04:52.1180	79	796	794	0
12:04:53.1080	79	795	0	0
12:04:54.0990	78	788	0	0
12:04:55.1180	78	780	777	0
12:04:56.1080	78	770	0	0
12:04:57.1280	78	777	0	0
12:04:58.1190	78	789	0	0
12:04:59.1080	77	800	795	0
12:05:00.0980	77	774	0	0
12:05:01.1190	77	717	676	0
12:05:02.1290	78	660	0	0
12:05:03.0990	81	659	680	0
12:05:04.1180	82	685	0	0
12:05:05.1380	82	700	0	0
12:05:06.0980	83	805	0	0
12:05:07.1490	82	945	0	0
12:05:08.1090	79	992	0	0
12:05:09.0980	73	945	862	0
12:05:10.1190	73	817	0	0
12:05:11.1290	73	800	0	0
12:05:12.0990	73	781	0	0
12:05:13.1190	73	770	734	0
12:05:14.1080	74	712	0	0
12:05:15.1200	76	711	717	0
12:05:16.1190	77	737	0	0
12:05:17.1090	77	747	0	0
12:05:18.0990	78	726	747	0
12:05:19.1190	78	769	0	0
12:05:20.1090	78	803	0	0
12:05:21.0990	78	816	0	0
12:05:22.1190	77	799	806	0
12:05:23.1090	77	805	0	0
12:05:24.0990	77	813	0	0
12:05:25.1190	77	791	0	0
12:05:26.1090	77	756	763	0
12:05:27.0990	77	771	0	0
12:05:28.1190	77	782	0	0
12:05:29.1090	77	761	759	0
12:05:30.1290	77	780	0	0
12:05:31.1190	77	807	0	0
12:05:32.1090	77	807	0	0
12:05:33.0990	77	772	773	0
12:05:34.1490	77	782	0	0
12:05:35.1090	77	789	0	0
12:05:36.0990	77	783	746	0
12:05:37.1190	77	750	0	0
12:05:38.1090	77	759	0	0
12:05:39.0990	78	770	742	0
12:05:40.1190	78	719	0	0
12:05:41.1090	78	726	0	0
12:05:42.0990	79	729	740	0
12:05:43.1190	79	729	0	0
12:05:44.1090	80	724	0	0
12:05:45.0990	80	768	790	0
12:05:46.1190	80	783	0	0
12:05:47.1090	79	740	0	0
12:05:48.0990	79	738	747	0
12:05:49.1190	80	773	0	0
12:05:50.1090	80	780	0	0
12:05:51.0990	79	752	766	0
12:05:52.1190	79	768	0	0
12:05:53.1090	79	771	0	0
12:05:54.1290	79	739	0	0
12:05:55.1490	79	748	764	0
12:05:56.1090	79	785	0	0
12:05:57.0990	79	789	0	0
12:05:58.1190	79	769	771	0
12:05:59.1300	79	774	0	0
12:06:00.1000	78	797	0	0
12:06:01.1190	78	780	0	0
12:06:02.1100	78	787	798	0
12:06:03.1290	78	800	0	0
12:06:04.1200	77	771	0	0
12:06:05.1090	77	758	772	0
12:06:06.0990	78	786	0	0
12:06:07.1190	77	787	0	0
12:06:08.1090	77	763	0	0
12:06:09.1000	77	778	792	0
12:06:10.1200	77	777	0	0
12:06:11.1090	77	751	0	0
12:06:12.0990	78	770	789	0
12:06:13.1200	77	795	0	0
12:06:14.1100	77	754	0	0
12:06:15.0990	77	760	0	0
12:06:16.1190	78	779	798	0
12:06:17.1090	77	789	0	0
12:06:18.1610	77	798	0	0
12:06:19.1200	77	818	0	0
12:06:20.1100	76	843	828	0
12:06:21.0990	76	803	0	0
12:06:22.1190	76	812	0	0
12:06:23.1100	76	806	0	0
12:06:24.0990	75	788	751	0
12:06:25.1190	76	767	0	0
12:06:26.1100	76	783	0	0
12:06:27.1000	76	802	0	0
12:06:28.1210	76	797	780	0
12:06:29.1110	76	807	0	0
12:06:30.1000	76	830	0	0
12:06:31.1200	76	842	0	0
12:06:32.1400	75	816	813	0
12:06:33.1010	75	821	0	0
12:06:34.1190	75	819	0	0
12:06:35.1100	75	795	0	0
12:06:36.1300	75	768	775	0
12:06:37.1200	75	778	0	0
12:06:38.1100	75	760	0	0
12:06:39.1000	76	757	788	0
12:06:40.1200	76	791	0	0
12:06:41.1100	76	781	0	0
12:06:42.1000	76	746	0	0
12:06:43.1410	77	766	782	0
12:06:44.1100	77	791	0	0
12:06:45.1000	77	766	0	0
12:06:46.1200	77	730	740	0
12:06:47.1100	78	755	0	0
12:06:48.1000	78	774	0	0
12:06:49.1200	78	770	770	0
12:06:50.1100	78	784	0	0
12:06:51.1600	78	791	0	0
12:06:52.1410	78	798	0	0
12:06:53.1100	77	787	0	0
12:06:54.1000	77	820	854	0
12:06:55.1200	76	856	0	0
12:06:56.1100	76	828	0	0
12:06:57.1000	75	828	0	0
12:06:58.1200	75	817	809	0
12:06:59.1100	75	771	0	0
12:07:00.1000	75	780	0	0
12:07:01.1200	75	793	0	0
12:07:02.1110	75	811	788	0
12:07:03.1000	75	800	0	0
12:07:04.1200	75	832	0	0
12:07:05.1100	75	862	0	0
12:07:06.1000	75	841	0	0
12:07:07.1210	74	818	815	0
12:07:08.1100	74	809	0	0
12:07:09.1300	74	784	0	0
12:07:10.1200	75	746	741	0
12:07:11.1100	75	757	0	0
12:07:12.1000	76	778	0	0
12:07:13.1200	76	794	0	0
12:07:14.1100	76	776	775	0
12:07:15.1000	76	791	0	0
12:07:16.1200	76	814	0	0
12:07:17.1100	76	801	775	0
12:07:18.1000	76	784	0	0
12:07:19.1210	76	791	0	0
12:07:20.1100	76	792	0	0
12:07:21.1000	76	759	773	0
12:07:22.1200	76	790	0	0
12:07:23.1100	76	813	0	0
12:07:24.1010	76	798	781	0
12:07:25.1200	76	781	0	0
12:07:26.1100	76	738	0	0
12:07:27.1310	77	697	697	0
12:07:28.1200	78	719	0	0
12:07:29.1110	79	715	0	0
12:07:30.1000	80	723	750	0
12:07:31.1200	80	782	0	0
12:07:32.1110	80	799	0	0
12:07:33.1010	79	770	0	0
12:07:34.1210	79	771	788	0
12:07:35.1100	79	818	0	0
12:07:36.1000	78	813	0	0
12:07:37.1210	78	767	767	0
12:07:38.1100	78	781	0	0
12:07:39.1010	78	808	0	0
12:07:40.1210	77	799	0	0
12:07:41.1100	77	782	0	0
12:07:42.1310	77	819	849	0
12:07:43.1200	76	844	0	0
12:07:44.1410	76	798	0	0
12:07:45.1010	76	788	0	0
12:07:46.1510	76	801	815	0
12:07:47.1110	75	799	0	0
12:07:48.1010	75	792	0	0
12:07:49.1200	75	815	0	0
12:07:50.1110	75	832	831	0
12:07:51.1010	75	802	0	0
12:07:52.1210	75	805	0	0
12:07:53.1100	75	819	0	0
12:07:54.1010	74	833	827	0
12:07:55.1210	74	794	0	0
12:07:56.1110	74	799	0	0
12:07:57.1010	74	806	0	0
12:07:58.1220	74	807	753	0
12:07:59.1110	75	762	0	0
12:08:00.1310	75	764	0	0
12:08:01.1210	76	734	765	0
12:08:02.1110	76	749	0	0
12:08:03.1010	77	725	0	0
12:08:04.1210	77	757	752	0
12:08:05.1110	78	709	0	0
12:08:06.1010	79	701	704	0
12:08:07.1210	79	714	0	0
12:08:08.1110	80	729	0	0
12:08:09.1010	81	729	720	0
12:08:10.1210	81	731	0	0
12:08:11.1110	81	736	0	0
12:08:12.1010	81	744	730	0
12:08:13.1210	81	741	0	0
12:08:14.1110	81	770	0	0
12:08:15.1020	81	803	0	0
12:08:16.1210	80	847	0	0
12:08:17.1110	79	847	848	0
12:08:18.1010	78	872	0	0
12:08:19.1210	77	881	0	0
12:08:20.1110	76	846	0	0
12:08:21.1010	76	832	0	0
12:08:22.1210	75	823	834	0
12:08:23.1110	75	802	0	0
12:08:24.1090	75	797	0	0
12:08:25.1210	75	831	0	0
12:08:26.1110	75	876	0	0
12:08:27.1010	74	877	0	0
12:08:28.1210	73	843	861	0
12:08:29.1110	73	871	0	0
12:08:30.1010	73	857	0	0
12:08:31.1510	72	808	0	0
12:08:32.1110	72	808	814	0
12:08:33.1230	73	802	0	0
12:08:34.1260	73	774	0	0
12:08:35.2480	73	793	0	0
12:08:36.1020	74	815	821	0
12:08:37.1210	74	792	0	0
12:08:38.1120	74	816	0	0
12:08:39.2080	74	834	0	0
12:08:41.0490	74	813	742	0
12:08:42.4190	74	743	0	0
12:08:42.4340	75	743	0	0
12:08:43.1240	76	771	773	0
12:08:44.1110	76	758	0	0
12:08:45.1020	76	773	0	0
12:08:46.1210	76	773	734	0
12:08:47.1120	77	748	0	0
12:08:48.1010	77	765	0	0
12:08:49.1230	77	819	0	0
12:08:50.1120	77	824	793	0
12:08:51.1020	77	813	0	0
12:08:52.1220	76	841	0	0
12:08:53.1110	76	863	0	0
12:08:54.1020	75	835	0	0
12:08:55.1220	75	825	0	0
12:08:56.1120	74	842	848	0
12:08:57.1010	74	830	0	0
12:08:58.1210	74	795	0	0
12:08:59.1110	74	828	0	0
12:09:00.1020	74	854	0	0
12:09:01.1220	73	872	853	0
12:09:02.1130	73	828	0	0
12:09:03.1010	73	834	0	0
12:09:04.1520	73	817	0	0
12:09:05.1120	73	780	749	0
12:09:06.1020	73	773	0	0
12:09:07.1210	74	796	0	0
12:09:08.1330	74	780	0	0
12:09:09.1020	74	822	827	0
12:09:10.1250	74	763	0	0
12:09:11.1120	74	757	0	0
12:09:12.1020	75	771	787	0
12:09:13.1220	75	771	0	0
12:09:14.1120	76	742	718	0
12:09:15.1020	77	708	0	0
12:09:16.1220	77	688	0	0
12:09:17.1120	78	697	0	0
12:09:18.1020	80	724	782	0
12:09:19.1220	80	862	0	0
12:09:20.1120	79	870	0	0
12:09:21.1020	78	856	0	0
12:09:22.1220	77	853	0	0
12:09:23.1120	76	837	811	0
12:09:24.1020	76	776	0	0
12:09:25.1220	76	778	0	0
12:09:26.1120	76	797	0	0
12:09:27.1020	76	833	845	0
12:09:28.1220	75	837	0	0
12:09:29.1120	75	850	0	0
12:09:30.1240	74	856	0	0
12:09:31.1220	74	854	0	0
12:09:32.1120	74	813	804	0
12:09:33.1020	74	824	0	0
12:09:34.1220	74	856	0	0
12:09:35.1120	73	846	0	0
12:09:36.1620	73	828	0	0
12:09:37.1520	73	845	856	0
12:09:38.1120	73	854	0	0
12:09:39.1020	72	813	0	0
12:09:40.1220	72	828	0	0
12:09:41.1130	72	851	0	0
12:09:42.1020	72	847	801	0
12:09:43.1270	72	798	0	0
12:09:44.1120	73	819	0	0
12:09:45.1020	73	847	0	0
12:09:46.1220	73	833	0	0
12:09:47.1120	73	813	814	0
12:09:48.1030	73	808	0	0
12:09:49.1230	73	788	0	0
12:09:50.1120	74	742	758	0
12:09:51.1020	74	785	0	0
12:09:52.1430	75	834	0	0
12:09:53.1120	75	862	0	0
12:09:54.1030	74	836	0	0
12:09:55.1230	74	815	811	0
12:09:56.1330	74	821	0	0
12:09:57.1020	74	827	0	0
12:09:58.1220	74	803	0	0
12:09:59.1120	74	763	772	0
12:10:00.1020	74	804	0	0
12:10:01.1230	75	854	0	0
12:10:02.1120	74	855	0	0
12:10:03.1030	74	827	830	0
12:10:04.1220	74	762	0	0
12:10:05.1120	74	716	0	0
12:10:06.1030	75	710	717	0
12:10:07.1230	76	709	0	0
12:10:08.1120	77	687	0	0
12:10:09.1630	79	707	742	0
12:10:10.1530	79	807	0	0
12:10:11.1130	79	825	0	0
12:10:12.1020	78	783	0	0
12:10:13.1230	78	802	829	0
12:10:14.1330	77	829	0	0
12:10:15.1030	77	758	688	0
12:10:16.1230	77	666	0	0
12:10:17.1130	80	641	659	0
12:10:18.1330	81	663	0	0
12:10:19.1230	82	755	0	0
12:10:20.1130	82	861	0	0
12:10:21.1030	82	866	0	0
12:10:22.1230	79	830	801	0
12:10:23.1130	79	787	0	0
12:10:24.1030	78	769	0	0
12:10:25.1230	78	738	726	0
12:10:26.1130	79	718	0	0
12:10:27.1240	80	724	739	0
12:10:28.1230	80	762	0	0
12:10:29.1130	80	771	0	0
12:10:30.1330	80	774	0	0
12:10:31.1230	79	777	804	0
12:10:32.1130	79	816	0	0
12:10:33.1030	78	782	0	0
12:10:34.1230	78	770	0	0
12:10:35.1130	78	766	787	0
12:10:36.1240	78	803	0	0
12:10:37.1230	78	816	0	0
12:10:38.1130	77	828	0	0
12:10:39.1030	77	774	771	0
12:10:40.1230	77	782	0	0
12:10:41.1130	77	800	0	0
12:10:42.1030	77	855	0	0
12:10:43.1530	76	884	0	0
12:10:44.1130	75	873	830	0
12:10:45.1030	74	814	0	0
12:10:46.1230	74	812	0	0
12:10:47.1130	74	839	0	0
12:10:48.1030	74	841	0	0
12:10:49.0930	74	817	815	0
12:10:50.1130	74	837	0	0
12:10:51.1030	74	864	0	0
12:10:52.0930	73	876	0	0
12:10:53.1130	73	855	0	0
12:10:54.1040	72	852	0	0
12:10:55.0930	72	864	877	0
12:10:56.1130	72	872	0	0
12:10:57.1030	71	844	0	0
12:10:58.0930	71	838	0	0
12:10:59.1130	71	845	0	0
12:11:00.1040	71	865	826	0
12:11:01.1250	71	813	0	0
12:11:02.1130	71	809	0	0
12:11:03.1030	72	818	0	0
12:11:04.0930	72	781	775	0
12:11:05.1130	73	799	0	0
12:11:06.1030	73	834	0	0
12:11:07.0940	73	813	0	0
12:11:08.1140	73	780	0	0
12:11:09.1030	74	798	831	0
12:11:10.0930	74	854	0	0
12:11:11.1340	73	825	0	0
12:11:12.1040	73	795	0	0
12:11:13.0940	73	796	806	0
12:11:14.1130	74	757	0	0
12:11:15.1040	75	703	684	0
12:11:16.0940	76	662	0	0
12:11:17.1140	77	670	0	0
12:11:18.1040	80	687	785	0
12:11:19.0940	80	877	0	0
12:11:20.1220	79	850	0	0
12:11:21.1040	78	842	0	0
12:11:22.0940	77	848	0	0
12:11:23.1140	76	844	819	0
12:11:24.1040	76	772	0	0
12:11:25.0940	76	780	0	0
12:11:26.1140	76	790	777	0
12:11:27.1040	76	730	0	0
12:11:28.0940	76	728	0	0
12:11:29.1140	77	743	769	0
12:11:30.1040	78	755	0	0
12:11:31.0940	78	815	0	0
12:11:32.1140	78	894	0	0
12:11:33.1040	77	870	0	0
12:11:34.1240	75	874	851	0
12:11:35.1140	75	796	0	0
12:11:36.1040	75	774	0	0
12:11:37.0940	75	779	0	0
12:11:38.1140	75	788	762	0
12:11:39.1040	75	775	0	0
12:11:40.0940	76	798	0	0
12:11:41.1140	76	841	0	0
12:11:42.1040	75	817	0	0
12:11:43.0940	75	808	821	0
12:11:44.1140	75	833	0	0
12:11:45.1040	75	812	0	0
12:11:46.0940	74	768	0	0
12:11:47.1140	75	781	811	0
12:11:48.1040	75	847	0	0
12:11:49.0940	75	879	0	0
12:11:50.1140	74	834	0	0
12:11:51.1040	74	824	821	0
12:11:52.0940	74	795	0	0
12:11:53.1140	74	781	0	0
12:11:54.1040	74	813	0	0
12:11:55.1150	74	840	0	0
12:11:56.1140	74	822	0	0
12:11:57.1040	73	863	874	0
12:11:58.0940	73	845	0	0
12:11:59.1140	73	785	0	0
12:12:00.1050	73	783	791	0
12:12:01.0950	73	796	0	0
12:12:02.1140	74	764	0	0
12:12:03.1050	74	758	0	0
12:12:04.1150	75	773	799	0
12:12:05.1440	75	811	0	0
12:12:06.1040	75	785	0	0
12:12:07.0950	75	809	0	0
12:12:08.1350	75	821	816	0
12:12:09.1040	75	776	0	0
12:12:10.0940	75	789	0	0
12:12:11.1140	75	797	797	0
12:12:12.1040	75	750	0	0
12:12:13.0960	75	757	0	0
12:12:14.1140	76	768	0	0
12:12:15.1040	76	808	0	0
12:12:16.0950	76	814	0	0
12:12:17.1740	75	854	894	0
12:12:18.1050	75	865	0	0
12:12:19.0950	74	811	0	0
12:12:20.1140	74	812	815	0
12:12:21.1040	74	791	0	0
12:12:22.0950	74	741	0	0
12:12:23.1450	74	758	0	0
12:12:24.1050	75	781	809	0
12:12:25.0940	75	778	0	0
12:12:26.1150	75	769	0	0
12:12:27.1050	76	787	0	0
12:12:28.0960	76	840	0	0
12:12:29.1150	75	849	854	0
12:12:30.1050	75	849	0	0
12:12:31.0950	74	810	0	0
12:12:32.1150	74	782	780	0
12:12:33.1050	74	772	0	0
12:12:34.0960	75	746	0	0
12:12:35.1150	75	758	0	0
12:12:36.1050	76	770	807	0
12:12:37.0950	76	797	0	0
12:12:38.1150	76	801	0	0
12:12:39.1050	76	833	0	0
12:12:40.1250	76	876	0	0
12:12:41.1150	74	885	850	0
12:12:42.1050	74	842	0	0
12:12:43.0950	74	829	0	0
12:12:44.1150	73	833	0	0
12:12:45.1050	73	796	781	0
12:12:46.0950	74	793	0	0
12:12:47.1150	74	805	0	0
12:12:48.1050	74	798	0	0
12:12:49.0950	74	793	0	0
12:12:50.1150	74	830	0	0
12:12:51.1050	74	888	903	0
12:12:52.1160	73	843	0	0
12:12:53.1150	73	831	0	0
12:12:54.1050	73	831	0	0
12:12:55.0950	73	823	779	0
12:12:56.1450	73	774	0	0
12:12:57.1050	73	781	0	0
12:12:58.0950	74	817	0	0
12:12:59.1160	74	822	787	0
12:13:00.1060	74	812	0	0
12:13:01.1460	74	853	0	0
12:13:02.1160	74	902	0	0
12:13:03.1050	73	866	0	0
12:13:04.0950	73	855	0	0
12:13:05.1150	72	844	845	0
12:13:06.1050	72	801	0	0
12:13:07.1260	72	787	0	0
12:13:08.1150	73	796	772	0
12:13:09.1350	73	724	0	0
12:13:10.0960	74	723	0	0
12:13:11.1160	75	762	804	0
12:13:12.1050	76	747	0	0
12:13:13.0950	76	730	0	0
12:13:14.1350	77	741	709	0
12:13:15.1060	77	709	0	0
12:13:16.0950	79	717	725	0
12:13:17.1150	79	725	0	0
12:13:18.1050	80	718	0	0
12:13:19.0950	80	729	735	0
12:13:20.1160	80	730	0	0
12:13:21.1060	81	702	0	0
12:13:22.0950	81	725	748	0
12:13:23.1160	81	786	0	0
12:13:24.1050	81	781	0	0
12:13:25.0960	80	771	0	0
12:13:26.1150	80	816	0	0
12:13:27.1050	79	869	903	0
12:13:28.0970	78	869	0	0
12:13:29.1460	77	829	0	0
12:13:30.1060	76	820	0	0
12:13:31.0950	76	814	802	0
12:13:32.1160	75	771	0	0
12:13:33.1070	76	767	0	0
12:13:34.0960	76	792	0	0
12:13:35.1150	76	831	0	0
12:13:36.1260	75	850	836	0
12:13:37.0960	75	861	0	0
12:13:38.1150	74	858	0	0
12:13:39.1050	74	814	729	0
12:13:40.0970	74	670	0	0
12:13:41.1160	77	661	661	0
12:13:42.1050	78	669	0	0
12:13:43.0960	79	721	0	0
12:13:44.1160	80	808	0	0
12:13:45.1270	79	848	829	0
12:13:46.0960	78	743	0	0
12:13:47.1170	79	693	679	0
12:13:48.1060	80	676	0	0
12:13:49.0960	81	678	693	0
12:13:50.1160	82	698	0	0
12:13:51.1060	83	734	0	0
12:13:52.0960	83	804	0	0
12:13:53.1160	82	889	0	0
12:13:54.1060	81	932	0	0
12:13:55.0960	79	939	0	0
12:13:56.1160	78	925	0	0
12:13:57.1060	75	884	854	0
12:13:58.1460	75	844	0	0
12:13:59.1160	74	850	0	0
12:14:00.1360	74	829	0	0
12:14:01.0960	74	806	798	0
12:14:02.1460	74	825	0	0
12:14:03.1060	74	861	0	0
12:14:04.0960	74	896	0	0
12:14:05.1170	73	873	0	0
12:14:06.1060	73	879	0	0
12:14:07.0960	72	890	872	0
12:14:08.1160	71	809	0	0
12:14:09.1070	71	756	0	0
12:14:10.0960	73	734	723	0
12:14:11.1160	74	715	0	0
12:14:12.1060	76	722	710	0
12:14:13.0960	76	688	0	0
12:14:14.1160	77	707	0	0
12:14:15.1060	78	747	0	0
12:14:16.0960	79	804	826	0
12:14:17.1460	78	786	0	0
12:14:18.1060	78	773	0	0
12:14:19.0970	78	747	707	0
12:14:20.1160	78	698	0	0
12:14:21.1060	79	708	0	0
12:14:22.0960	80	754	813	0
12:14:23.1160	80	797	0	0
12:14:24.1060	79	776	0	0
12:14:25.0960	79	775	785	0
12:14:26.1160	78	757	0	0
12:14:27.1070	78	714	0	0
12:14:28.0960	79	729	756	0
12:14:29.1370	79	783	0	0
12:14:30.1070	79	768	0	0
12:14:31.0960	79	793	0	0
12:14:32.1160	78	813	812	0
12:14:33.1060	78	793	0	0
12:14:34.0970	78	779	0	0
12:14:35.1470	78	771	0	0
12:14:36.1070	78	771	763	0
12:14:37.0960	78	789	0	0
12:14:38.1160	78	811	0	0
12:14:39.1070	77	855	0	0
12:14:40.0970	76	859	830	0
12:14:41.1160	76	790	0	0
12:14:42.1060	75	772	0	0
12:14:43.0970	76	804	0	0
12:14:44.1170	76	754	742	0
12:14:45.1070	76	773	0	0
12:14:46.0960	77	830	0	0
12:14:47.1170	76	813	762	0
12:14:48.1070	76	770	0	0
12:14:49.0970	76	759	0	0
12:14:50.1170	77	753	0	0
12:14:51.1060	77	738	761	0
12:14:52.0970	77	768	0	0
12:14:53.1160	78	775	0	0
12:14:54.1070	78	755	0	0
12:14:55.1190	78	799	860	0
12:14:56.1170	77	869	0	0
12:14:57.1060	76	854	0	0
12:14:58.0970	76	812	0	0
12:14:59.1170	75	820	0	0
12:15:00.1070	75	843	853	0
12:15:01.0970	74	818	0	0
12:15:02.1160	74	846	0	0
12:15:03.1070	74	856	0	0
12:15:04.0970	74	862	0	0
12:15:05.1170	73	832	808	0
12:15:06.1070	73	820	0	0
12:15:07.0970	73	840	0	0
12:15:08.1470	73	852	0	0
12:15:09.1070	73	813	0	0
12:15:10.0970	73	831	833	0
12:15:11.1170	73	824	0	0
12:15:12.1070	73	780	0	0
12:15:13.0970	73	797	0	0
12:15:14.1170	73	788	798	0
12:15:15.1070	74	787	0	0
12:15:16.0970	74	745	0	0
12:15:17.1170	75	745	751	0
12:15:18.1070	75	778	0	0
12:15:19.0970	76	756	0	0
12:15:20.1170	76	789	0	0
12:15:21.1070	76	804	823	0
12:15:22.0970	76	813	0	0
12:15:23.1180	76	794	0	0
12:15:24.1070	76	776	759	0
12:15:25.1270	76	746	0	0
12:15:26.1380	76	702	0	0
12:15:27.1070	78	703	734	0
12:15:28.0970	78	818	0	0
12:15:29.1170	78	906	0	0
12:15:30.1100	77	931	0	0
12:15:31.0970	76	920	0	0
12:15:32.1170	75	870	0	0
12:15:33.1070	74	834	802	0
12:15:34.0970	74	746	0	0
12:15:35.1170	74	727	0	0
12:15:36.1070	75	741	0	0
12:15:37.0970	76	798	887	0
12:15:38.1170	75	887	0	0
12:15:39.1070	75	836	0	0
12:15:40.0970	74	833	0	0
12:15:41.1470	74	790	728	0
12:15:42.1370	74	731	0	0
12:15:43.0970	75	743	0	0
12:15:44.1170	76	762	735	0
12:15:45.1070	77	755	0	0
12:15:46.0970	77	783	0	0
12:15:47.1170	77	821	764	0
12:15:48.1370	77	705	0	0
12:15:49.0980	78	698	696	0
12:15:50.1170	79	718	0	0
12:15:51.1070	80	760	0	0
12:15:52.0970	80	833	0	0
12:15:53.1180	79	824	0	0
12:15:54.1080	79	843	0	0
12:15:55.0970	77	854	869	0
12:15:56.1170	76	856	0	0
12:15:57.1080	76	833	0	0
12:15:58.0970	75	860	0	0
12:15:59.1170	75	873	0	0
12:16:00.1070	74	873	843	0
12:16:01.1180	73	813	0	0
12:16:02.1180	73	813	0	0
12:16:03.1070	73	813	0	0
12:16:04.0970	73	812	788	0
12:16:05.1470	74	791	0	0
12:16:06.1080	74	809	0	0
12:16:07.0970	74	812	0	0
12:16:08.1180	74	754	768	0
12:16:09.1070	75	784	0	0
12:16:10.1190	75	809	0	0
12:16:11.1180	75	774	0	0
12:16:12.1080	75	782	773	0
12:16:13.0970	75	770	0	0
12:16:14.1470	76	749	0	0
12:16:15.1380	76	758	769	0
12:16:16.0980	77	798	0	0
12:16:17.1180	77	798	0	0
12:16:18.1070	76	784	0	0
12:16:19.0980	76	784	797	0
12:16:20.1180	76	808	0	0
12:16:21.1080	76	793	0	0
12:16:22.0980	76	824	0	0
12:16:23.1180	76	865	0	0
12:16:24.1080	75	888	863	0
12:16:25.0980	74	839	0	0
12:16:26.1180	74	821	0	0
12:16:27.1080	74	809	0	0
12:16:28.0980	74	782	801	0
12:16:29.1180	74	815	0	0
12:16:30.1080	74	823	0	0
12:16:31.0980	74	787	0	0
12:16:32.1180	74	805	811	0
12:16:33.1080	74	821	0	0
12:16:34.0980	74	804	0	0
12:16:35.1180	74	784	0	0
12:16:36.1080	74	798	806	0
12:16:37.0980	74	780	0	0
12:16:38.1480	75	770	0	0
12:16:39.1080	75	769	0	0
12:16:40.0980	75	778	768	0
12:16:41.1180	76	783	0	0
12:16:42.1080	76	822	0	0
12:16:43.0980	76	863	0	0
12:16:44.1180	75	859	803	0
12:16:45.1080	74	808	0	0
12:16:46.0980	74	812	0	0
12:16:47.1480	74	813	0	0
12:16:48.1380	74	777	0	0
12:16:49.0980	75	783	805	0
12:16:50.1180	75	829	0	0
12:16:51.1080	75	812	0	0
12:16:52.0980	75	830	0	0
12:16:53.1180	74	827	792	0
12:16:54.1290	74	754	0	0
12:16:55.0980	75	761	0	0
12:16:56.1180	75	762	746	0
12:16:57.1380	76	736	0	0
12:16:58.0980	76	738	0	0
12:16:59.1190	77	773	755	0
12:17:00.1090	77	782	0	0
12:17:01.0980	77	786	757	0
12:17:02.1180	77	712	0	0
12:17:03.1080	79	692	670	0
12:17:04.0990	79	639	0	0
12:17:05.1180	82	631	619	0
12:17:06.1080	85	604	586	0
12:17:07.1190	91	570	0	0
12:17:08.1200	95	570	568	0
12:17:09.1080	98	569	583	0
12:17:10.0990	99	611	0	0
12:17:11.1180	99	645	666	0
12:17:12.1090	97	672	0	0
12:17:13.0990	95	672	671	0
12:17:14.1180	94	675	0	0
12:17:15.1080	93	680	0	0
12:17:16.0980	92	688	703	0
12:17:17.1190	91	730	0	0
12:17:18.1090	90	773	0	0
12:17:19.0980	88	827	0	0
12:17:20.1480	86	867	0	0
12:17:21.1390	81	941	0	0
12:17:22.0990	76	1000	0	0
12:17:23.1190	75	998	0	0
12:17:24.1080	73	975	0	0
12:17:25.0990	72	902	0	0
12:17:26.1190	71	910	931	0
12:17:27.1090	70	912	0	0
12:17:28.0980	70	844	0	0
12:17:29.1180	70	837	0	0
12:17:30.1090	70	873	0	0
12:17:31.0990	70	904	845	0
12:17:32.1190	69	827	0	0
12:17:33.1080	70	770	0	0
12:17:34.0990	71	754	713	0
12:17:35.1200	72	744	0	0
12:17:36.1090	73	771	0	0
12:17:37.0990	74	814	0	0
12:17:38.1410	74	775	787	0
12:17:39.1090	74	777	0	0
12:17:40.0990	75	767	0	0
12:17:41.1190	75	728	717	0
12:17:42.1090	76	746	0	0
12:17:43.0990	77	800	0	0
12:17:44.1200	77	851	0	0
12:17:45.1090	76	811	763	0
12:17:46.1120	76	754	0	0
12:17:47.1190	76	754	0	0
12:17:48.1090	77	749	741	0
12:17:49.0990	77	774	0	0
12:17:50.1200	78	810	0	0
12:17:51.1090	77	816	0	0
12:17:52.0990	77	791	0	0
12:17:53.1490	77	817	853	0
12:17:54.1390	76	879	0	0
12:17:55.0990	75	862	0	0
12:17:56.1190	75	874	0	0
12:17:57.1090	74	865	0	0
12:17:58.0990	73	843	811	0
12:17:59.1190	73	805	0	0
12:18:00.1100	73	810	0	0
12:18:01.0990	73	800	0	0
12:18:02.1190	74	781	799	0
12:18:03.1090	74	761	0	0
12:18:04.1020	75	700	681	0
12:18:05.1190	76	680	0	0
12:18:06.1090	78	709	0	0
12:18:07.0990	78	771	0	0
12:18:08.1190	78	830	821	0
12:18:09.1090	78	811	0	0
12:18:10.0990	77	823	0	0
12:18:11.1190	77	835	0	0
12:18:12.1090	76	854	0	0
12:18:13.1200	75	836	845	0
12:18:14.1190	75	840	0	0
12:18:15.1090	75	856	0	0
12:18:16.0990	74	847	0	0
12:18:17.1190	74	837	0	0
12:18:18.1090	74	817	817	0
12:18:19.0990	74	784	0	0
12:18:20.1190	74	789	0	0
12:18:21.1090	74	818	832	0
12:18:22.0990	74	746	0	0
12:18:23.1190	74	719	0	0
12:18:24.1090	76	721	748	0
12:18:25.0990	76	722	0	0
12:18:26.1490	77	697	0	0
12:18:27.1400	78	715	748	0
12:18:28.0990	79	767	0	0
12:18:29.1190	79	736	0	0
12:18:30.1100	79	729	771	0
12:18:31.0990	79	829	0	0
12:18:32.1190	79	833	0	0
12:18:33.1100	78	755	0	0
12:18:34.0990	78	776	0	0
12:18:35.1190	78	822	868	0
12:18:36.1100	77	896	0	0
12:18:37.0990	76	890	0	0
12:18:38.1190	75	874	0	0
12:18:39.1090	75	877	0	0
12:18:40.1000	74	917	0	0
12:18:41.1190	73	920	0	0
12:18:42.1090	72	890	0	0
12:18:43.0990	72	890	0	0
12:18:44.1190	71	924	0	0
12:18:45.1100	71	957	0	0
12:18:46.0990	69	948	925	0
12:18:47.1190	69	931	0	0
12:18:48.1090	68	971	0	0
12:18:49.1000	68	975	0	0
12:18:50.1200	67	907	0	0
12:18:51.1090	67	877	0	0
12:18:52.0990	67	880	0	0
12:18:53.1200	67	922	0	0
12:18:54.1100	67	957	0	0
12:18:55.1000	67	927	0	0
12:18:56.1200	66	938	0	0
12:18:57.1300	66	939	922	0
12:18:58.1000	66	864	0	0
12:18:59.1500	66	834	0	0
12:19:00.1400	66	844	0	0
12:19:01.1210	67	857	0	0
12:19:02.1200	68	836	810	0
12:19:03.1100	68	836	0	0
12:19:04.1000	69	793	0	0
12:19:05.1200	69	813	0	0
12:19:06.1100	70	856	0	0
12:19:07.1300	70	904	0	0
12:19:08.1200	69	896	843	0
12:19:09.1100	69	826	0	0
12:19:10.1000	70	798	0	0
12:19:11.1200	70	752	0	0
12:19:12.1100	72	767	807	0
12:19:13.1000	72	881	0	0
12:19:14.1200	72	943	0	0
12:19:15.1100	71	932	0	0
12:19:16.1000	71	935	0	0
12:19:17.1200	70	948	0	0
12:19:18.1100	69	947	0	0
12:19:19.1200	69	898	0	0
12:19:20.1200	68	885	0	0
12:19:21.1100	68	877	854	0
12:19:22.1000	68	775	0	0
12:19:23.1200	69	789	0	0
12:19:24.1100	70	857	0	0
12:19:25.1000	70	969	0	0
12:19:26.1200	70	970	0	0
12:19:27.1100	69	916	0	0
12:19:28.1000	68	891	0	0
12:19:29.1200	68	879	885	0
12:19:30.1100	68	870	0	0
12:19:31.1000	68	852	0	0
12:19:32.1500	68	871	0	0
12:19:33.1400	68	907	0	0
12:19:34.1300	68	929	0	0
12:19:35.1200	68	889	0	0
12:19:36.1100	68	903	0	0
12:19:37.1000	68	906	887	0
12:19:38.1200	68	841	0	0
12:19:39.1100	68	841	0	0
12:19:40.1000	68	843	0	0
12:19:41.1200	69	841	770	0
12:19:42.1100	69	755	0	0
12:19:43.1000	70	802	0	0
12:19:44.1200	71	850	0	0
12:19:45.1400	71	902	0	0
12:19:46.1010	71	891	0	0
12:19:47.1200	70	884	835	0
12:19:48.1110	70	781	0	0
12:19:49.1000	71	789	0	0
12:19:50.1210	71	812	0	0
12:19:51.1110	72	841	0	0
12:19:52.1000	72	812	838	0
12:19:53.1200	72	886	0	0
12:19:54.1100	72	908	0	0
12:19:55.1010	71	890	0	0
12:19:56.1200	71	894	0	0
12:19:57.1100	70	895	0	0
12:19:58.1310	70	888	0	0
12:19:59.1200	70	854	850	0
12:20:00.1110	70	869	0	0
12:20:01.1010	70	903	0	0
12:20:02.1200	70	915	0	0
12:20:03.1320	69	903	0	0
12:20:04.1010	69	882	0	0
12:20:05.1510	69	816	805	0
12:20:06.1410	69	812	0	0
12:20:07.1300	70	843	0	0
12:20:08.1210	70	846	0	0
12:20:09.1110	70	853	0	0
12:20:10.1010	70	848	816	0
12:20:11.1210	71	821	0	0
12:20:12.1110	71	820	0	0
12:20:13.1010	71	812	749	0
12:20:14.1210	72	721	0	0
12:20:15.1110	73	732	0	0
12:20:16.1220	74	769	0	0
12:20:17.1210	74	845	0	0
12:20:18.1110	74	886	0	0
12:20:19.1010	73	854	863	0
12:20:20.1210	73	886	0	0
12:20:21.1110	73	890	0	0
12:20:22.1010	72	855	0	0
12:20:23.1210	72	835	0	0
12:20:24.1110	72	844	0	0
12:20:25.1220	72	854	848	0
12:20:26.1210	71	826	0	0
12:20:27.1110	72	813	0	0
12:20:28.1010	72	839	0	0
12:20:29.1210	72	878	0	0
12:20:30.1120	72	881	0	0
12:20:31.1010	71	845	869	0
12:20:32.1210	71	887	0	0
12:20:33.1110	71	878	0	0
12:20:34.1010	70	840	0	0
12:20:35.1210	70	839	0	0
12:20:36.1110	71	841	827	0
12:20:37.1010	71	785	0	0
12:20:38.1510	71	791	0	0
12:20:39.1420	72	801	799	0
12:20:40.1310	72	774	0	0
12:20:41.1210	73	806	0	0
12:20:42.1110	73	854	0	0
12:20:43.1010	73	878	0	0
12:20:44.1210	73	840	0	0
12:20:45.1110	72	833	846	0
12:20:46.1010	72	854	0	0
12:20:47.1420	72	810	0	0
12:20:48.1110	72	794	0	0
12:20:49.1310	72	816	0	0
12:20:50.1210	73	847	838	0
12:20:51.1120	72	843	0	0
12:20:52.1010	72	893	0	0
12:20:53.1810	72	941	0	0
12:20:54.1110	71	918	0	0
12:20:55.1010	71	888	0	0
12:20:56.1220	70	892	0	0
12:20:57.1110	70	880	0	0
12:20:58.1010	70	841	837	0
12:20:59.1210	70	860	0	0
12:21:00.1110	70	871	0	0
12:21:01.1020	70	827	0	0
12:21:02.1210	70	792	805	0
12:21:03.1110	71	830	0	0
12:21:04.1010	71	827	0	0
12:21:05.1220	71	813	0	0
12:21:06.1120	71	858	0	0
12:21:07.1010	71	878	841	0
12:21:08.1210	71	782	0	0
12:21:09.1330	72	762	714	0
12:21:10.1010	73	674	0	0
12:21:11.1220	76	660	665	0
12:21:12.1410	77	665	0	0
12:21:13.1520	79	715	0	0
12:21:14.1210	80	791	0	0
12:21:15.1120	80	827	0	0
12:21:16.1020	78	837	834	0
12:21:17.1210	78	833	0	0
12:21:18.1120	77	821	0	0
12:21:19.1020	77	811	0	0
12:21:20.1220	76	794	792	0
12:21:21.1110	76	797	0	0
12:21:22.1010	76	809	0	0
12:21:23.1220	76	818	0	0
12:21:24.1120	75	828	831	0
12:21:25.1020	75	815	0	0
12:21:26.1210	75	764	0	0
12:21:27.1720	75	771	0	0
12:21:28.1020	75	748	0	0
12:21:29.1220	76	803	860	0
12:21:30.1120	76	869	0	0
12:21:31.1020	75	946	0	0
12:21:32.1220	74	992	0	0
12:21:33.1120	73	923	0	0
12:21:34.1020	72	913	0	0
12:21:35.1220	71	921	0	0
12:21:36.1120	71	905	0	0
12:21:37.1020	70	874	0	0
12:21:38.1220	70	884	0	0
12:21:39.1120	69	910	908	0
12:21:40.1320	69	892	0	0
12:21:41.1220	69	879	0	0
12:21:42.1420	69	839	0	0
12:21:43.1020	69	801	751	0
12:21:44.1220	70	774	0	0
12:21:45.1720	71	810	0	0
12:21:46.1320	71	854	0	0
12:21:47.1220	72	815	0	0
12:21:48.1120	72	835	856	0
12:21:49.1020	72	868	0	0
12:21:50.1220	71	817	0	0
12:21:51.1120	71	817	0	0
12:21:52.1020	72	810	809	0
12:21:53.1220	72	766	0	0
12:21:54.1120	72	748	0	0
12:21:55.1020	73	790	0	0
12:21:56.1220	74	852	0	0
12:21:57.1120	73	852	848	0
12:21:58.1020	73	842	0	0
12:21:59.1220	73	804	0	0
12:22:00.1120	73	729	709	0
12:22:01.1020	74	698	0	0
12:22:02.1220	75	721	0	0
12:22:03.1120	77	773	780	0
12:22:04.1020	77	825	0	0
12:22:05.1220	77	854	0	0
12:22:06.1120	76	874	0	0
12:22:07.1020	75	840	0	0
12:22:08.1220	75	816	807	0
12:22:09.1120	75	817	0	0
12:22:10.1020	75	793	0	0
12:22:11.1220	75	807	0	0
12:22:12.1120	75	827	0	0
12:22:13.1020	74	853	829	0
12:22:14.1220	74	831	0	0
12:22:15.1130	74	848	0	0
12:22:16.1030	74	846	0	0
12:22:17.1220	73	815	0	0
12:22:18.1420	73	837	856	0
12:22:19.1320	73	818	0	0
12:22:20.1230	73	742	0	0
12:22:21.1130	74	725	724	0
12:22:22.1020	75	747	0	0
12:22:23.1220	76	762	0	0
12:22:24.1120	76	752	0	0
12:22:25.1030	77	777	814	0
12:22:26.1230	76	861	0	0
12:22:27.1120	76	853	0	0
12:22:28.1230	75	844	0	0
12:22:29.1220	75	855	0	0
12:22:30.1130	74	859	819	0
12:22:31.1330	74	790	0	0
12:22:32.1220	74	805	0	0
12:22:33.1730	74	816	0	0
12:22:34.1020	74	806	789	0
12:22:35.1220	74	815	0	0
12:22:36.1140	74	830	0	0
12:22:37.1230	74	812	0	0
12:22:38.1230	74	825	0	0
12:22:39.1120	74	868	893	0
12:22:40.1040	73	822	0	0
12:22:41.1220	73	788	0	0
12:22:42.1130	74	726	695	0
12:22:43.1030	75	709	0	0
12:22:44.1240	77	720	708	0
12:22:45.1130	77	743	0	0
12:22:46.1030	78	787	0	0
12:22:47.1230	78	842	0	0
12:22:48.1130	78	831	0	0
12:22:49.1020	77	845	0	0
12:22:50.1220	76	864	852	0
12:22:51.1430	75	780	0	0
12:22:52.1330	75	788	0	0
12:22:53.1230	75	779	804	0
12:22:54.1130	75	777	0	0
12:22:55.1030	75	792	0	0
12:22:56.1240	76	819	0	0
12:22:57.1130	75	821	0	0
12:22:58.1030	75	832	0	0
12:22:59.1230	74	870	888	0
12:23:00.1130	74	825	0	0
12:23:01.1340	74	815	0	0
12:23:02.1230	73	817	0	0
12:23:03.1130	74	805	771	0
12:23:04.1040	74	792	0	0
12:23:05.1230	74	842	0	0
12:23:06.1130	74	847	0	0
12:23:07.1030	74	801	0	0
12:23:08.1230	74	809	829	0
12:23:09.1130	74	866	0	0
12:23:10.1030	73	831	0	0
12:23:11.1620	73	854	0	0
12:23:12.1330	73	859	0	0
12:23:13.1030	72	864	829	0
12:23:14.1230	72	847	0	0
12:23:15.1130	72	863	0	0
12:23:16.1030	72	878	0	0
12:23:17.1230	72	844	0	0
12:23:18.1130	71	841	841	0
12:23:19.1030	71	811	0	0
12:23:20.1230	72	768	0	0
12:23:21.1630	72	782	0	0
12:23:22.1030	73	809	796	0
12:23:23.1530	73	813	0	0
12:23:24.1430	73	832	0	0
12:23:25.1540	73	831	0	0
12:23:26.1240	73	792	785	0
12:23:27.1130	73	800	0	0
12:23:28.1030	74	802	0	0
12:23:29.1230	74	793	0	0
12:23:30.1140	74	786	0	0
12:23:31.1030	74	804	832	0
12:23:32.1230	74	818	0	0
12:23:33.1130	74	823	0	0
12:23:34.1030	74	839	0	0
12:23:35.1230	74	851	810	0
12:23:36.1130	73	788	0	0
12:23:37.1030	74	794	0	0
12:23:38.1230	74	805	0	0
12:23:39.1130	74	806	789	0
12:23:40.1030	74	794	0	0
12:23:41.1230	74	772	0	0
12:23:42.1130	75	743	0	0
12:23:43.1040	75	778	0	0
12:23:44.1230	75	843	908	0
12:23:45.1130	75	947	0	0
12:23:46.1030	74	890	0	0
12:23:47.1230	73	815	0	0
12:23:48.1130	73	800	798	0
12:23:49.1030	73	785	0	0
12:23:50.1230	73	754	0	0
12:23:51.1130	74	757	0	0
12:23:52.1030	74	776	0	0
12:23:53.1230	75	817	813	0
12:23:54.1130	75	876	0	0
12:23:55.1030	74	894	0	0
12:23:56.1500	74	899	0	0
12:23:57.1440	73	880	0	0
12:23:58.1330	72	869	818	0
12:23:59.1240	72	787	0	0
12:24:00.1130	72	788	0	0
12:24:01.1030	73	786	0	0
12:24:02.1230	73	770	760	0
12:24:03.1130	74	772	0	0
12:24:04.1330	74	787	0	0
12:24:05.1230	75	783	0	0
12:24:06.1130	75	805	825	0
12:24:07.1030	75	807	0	0
12:24:08.1230	75	814	0	0
12:24:09.1340	75	793	739	0
12:24:10.1340	75	685	0	0
12:24:11.1830	77	669	663	0
12:24:12.1140	78	680	0	0
12:24:13.1030	80	733	0	0
12:24:14.1230	80	853	0	0
12:24:15.1140	80	894	0	0
12:24:16.1030	78	863	831	0
12:24:17.1230	77	802	0	0
12:24:18.1130	77	777	0	0
12:24:19.1040	77	761	739	0
12:24:20.1240	77	715	0	0
12:24:21.1140	78	707	705	0
12:24:22.1030	79	713	0	0
12:24:23.1240	79	736	0	0
12:24:24.1180	80	780	0	0
12:24:25.1040	80	826	0	0
12:24:26.1240	79	863	0	0
12:24:27.1140	77	884	911	0
12:24:28.1040	76	915	0	0
12:24:29.1240	75	899	0	0
12:24:30.1140	74	883	0	0
12:24:31.1340	74	879	0	0
12:24:32.1240	73	863	0	0
12:24:33.1140	73	852	0	0
12:24:34.1040	72	849	846	0
12:24:35.1240	72	835	0	0
12:24:36.1140	72	829	0	0
12:24:37.1040	72	824	0	0
12:24:38.1240	72	826	840	0
12:24:39.1140	72	821	0	0
12:24:40.1040	72	798	0	0
12:24:41.1240	73	775	718	0
12:24:42.1140	74	742	0	0
12:24:43.1040	74	786	0	0
12:24:44.1250	75	874	0	0
12:24:45.1150	75	916	0	0
12:24:46.1040	74	939	0	0
12:24:47.1240	73	909	0	0
12:24:48.1140	72	908	0	0
12:24:49.1250	72	933	0	0
12:24:50.1240	70	929	908	0
12:24:51.1140	70	887	0	0
12:24:52.1040	69	840	0	0
12:24:53.1240	69	841	0	0
12:24:54.1140	70	832	0	0
12:24:55.1040	70	834	0	0
12:24:56.1240	70	816	832	0
12:24:57.1140	71	868	0	0
12:24:58.1040	71	914	0	0
12:24:59.1240	70	872	0	0
12:25:00.1150	70	803	775	0
12:25:01.1040	71	733	0	0
12:25:02.1540	73	698	693	0
12:25:03.1140	74	685	0	0
12:25:04.1640	75	705	0	0
12:25:05.1250	77	745	0	0
12:25:06.1140	77	825	853	0
12:25:07.1040	77	810	0	0
12:25:08.1240	76	827	0	0
12:25:09.1140	76	833	0	0
12:25:10.1040	75	825	0	0
12:25:11.1250	75	788	799	0
12:25:12.1140	75	805	0	0
12:25:13.1040	75	802	0	0
12:25:14.1240	75	791	0	0
12:25:15.1140	75	830	0	0
12:25:16.1040	75	875	884	0
12:25:17.1240	74	857	0	0
12:25:18.1140	73	843	0	0
12:25:19.1040	73	839	0	0
12:25:20.1250	73	854	0	0
12:25:21.1140	73	829	0	0
12:25:22.1050	72	862	893	0
12:25:23.1240	72	923	0	0
12:25:24.1150	71	880	0	0
12:25:25.1040	71	851	0	0
12:25:26.1550	71	845	0	0
12:25:27.1140	71	866	0	0
12:25:28.1040	71	865	0	0
12:25:29.1250	71	856	881	0
12:25:30.1150	70	906	0	0
12:25:31.1040	70	907	0	0
12:25:32.1240	70	859	0	0
12:25:33.1150	69	872	0	0
12:25:34.1060	69	873	0	0
12:25:35.1250	69	865	809	0
12:25:36.1740	70	839	0	0
12:25:37.1550	70	849	0	0
12:25:38.1250	70	835	0	0
12:25:39.1150	70	803	0	0
12:25:40.1050	71	826	843	0
12:25:41.1250	71	861	0	0
12:25:42.1150	71	813	0	0
12:25:43.1050	71	814	0	0
12:25:44.1250	71	828	802	0
12:25:45.1150	72	803	0	0
12:25:46.1440	72	820	0	0
12:25:47.1280	72	850	0	0
12:25:48.1150	72	841	0	0
12:25:49.1050	72	834	0	0
12:25:50.1250	72	863	866	0
12:25:51.1150	72	851	0	0
12:25:52.1050	71	871	0	0
12:25:53.1250	71	896	0	0
12:25:54.1150	71	853	0	0
12:25:55.1050	71	836	0	0
12:25:56.1550	71	855	850	0
12:25:57.1150	71	812	0	0
12:25:58.1050	71	801	0	0
12:25:59.1250	71	841	0	0
12:26:00.1150	71	896	0	0
12:26:01.1050	71	890	0	0
12:26:02.1250	70	889	895	0
12:26:03.1150	70	893	0	0
12:26:04.1050	70	820	0	0
12:26:05.1250	70	830	0	0
12:26:06.1150	70	842	0	0
12:26:07.1050	70	836	794	0
12:26:08.1250	71	826	0	0
12:26:09.1150	71	878	0	0
12:26:10.1360	71	892	0	0
12:26:11.1250	71	828	0	0
12:26:12.1150	71	832	0	0
12:26:13.1050	71	863	879	0
12:26:14.1250	71	848	0	0
12:26:15.1150	71	837	0	0
12:26:16.1050	71	834	0	0
12:26:17.1250	71	803	0	0
12:26:18.1150	71	801	821	0
12:26:19.1060	72	847	0	0
12:26:20.1250	72	793	0	0
12:26:21.3570	72	794	803	0
12:26:22.1050	72	783	0	0
12:26:23.1260	73	756	0	0
12:26:24.1160	73	771	0	0
12:26:25.1050	74	799	819	0
12:26:26.1260	74	787	0	0
12:26:27.1220	74	813	0	0
12:26:28.1050	74	813	0	0
12:26:29.1250	74	797	786	0
12:26:30.1370	74	804	0	0
12:26:31.1050	75	821	0	0
12:26:32.1250	74	789	0	0
12:26:33.1160	75	783	786	0
12:26:34.1050	75	804	0	0
12:26:35.1260	75	772	0	0
12:26:36.1150	75	786	0	0
12:26:37.1050	75	805	817	0
12:26:38.1250	75	776	0	0
12:26:39.1160	75	780	0	0
12:26:40.1060	75	815	0	0
12:26:41.1250	75	848	0	0
12:26:42.1150	75	834	836	0
12:26:43.1350	74	833	0	0
12:26:44.1260	74	826	0	0
12:26:45.1450	74	806	0	0
12:26:46.1050	74	835	0	0
12:26:47.1560	74	865	0	0
12:26:48.1160	73	899	857	0
12:26:49.1060	72	861	0	0
12:26:50.1250	72	876	0	0
12:26:51.1150	72	898	0	0
12:26:52.1360	71	869	0	0
12:26:53.1260	71	883	0	0
12:26:54.1160	71	897	0	0
12:26:55.1060	70	919	898	0
12:26:56.1260	70	875	0	0
12:26:57.1160	69	881	0	0
12:26:58.1060	69	887	0	0
12:26:59.1260	69	849	0	0
12:27:00.1160	69	843	0	0
12:27:01.1340	69	858	855	0
12:27:02.1260	70	813	0	0
12:27:03.1160	70	829	0	0
12:27:04.1060	70	859	0	0
12:27:05.1240	70	901	0	0
12:27:06.1120	70	876	0	0
12:27:07.1010	70	879	0	0
12:27:08.0900	69	879	877	0
12:27:09.1070	69	834	0	0
12:27:10.0960	69	821	0	0
12:27:11.0840	70	834	0	0
12:27:12.1030	70	858	0	0
12:27:13.0920	70	835	0	0
12:27:14.1010	70	855	882	0
12:27:15.1000	70	895	0	0
12:27:16.1180	70	855	0	0
12:27:17.1080	70	860	0	0
12:27:18.0970	70	854	785	0
12:27:19.0860	70	712	0	0
12:27:20.0750	72	715	700	0
12:27:21.0940	74	688	0	0
12:27:22.0840	76	670	658	0
12:27:23.0730	78	665	0	0
12:27:24.0930	80	663	650	0
12:27:25.0820	81	656	0	0
12:27:26.0720	83	646	640	0
12:27:27.0910	86	636	641	0
12:27:28.0810	87	646	0	0
12:27:29.0700	89	642	653	0
12:27:30.0900	89	658	0	0
12:27:31.0790	89	683	0	0
12:27:32.0700	89	733	0	0
12:27:33.0890	89	781	0	0
12:27:34.0790	87	839	0	0
12:27:35.0680	82	929	0	0
12:27:36.0880	76	975	926	0
12:27:37.0780	75	893	0	0
12:27:38.0970	74	851	0	0
12:27:39.0870	74	819	0	0
12:27:40.0770	73	800	0	0
12:27:41.0670	74	818	853	0
12:27:42.1170	73	839	0	0
12:27:43.0770	73	836	0	0
12:27:44.0670	73	861	0	0
12:27:45.0860	73	897	0	0
12:27:46.0760	72	885	841	0
12:27:47.0660	72	824	0	0
12:27:48.0870	72	794	0	0
12:27:49.1060	72	794	0	0
12:27:50.0960	72	829	0	0
12:27:51.1160	72	879	0	0
12:27:52.0750	72	877	0	0
12:27:53.0650	72	862	895	0
12:27:54.0860	71	912	0	0
12:27:55.0750	71	861	0	0
12:27:56.0650	70	828	0	0
12:27:57.0850	71	817	782	0
12:27:58.0750	71	796	0	0
12:27:59.0650	72	807	0	0
12:28:00.0850	72	841	0	0
12:28:01.0750	72	819	0	0
12:28:02.0860	72	845	852	0
12:28:03.0850	72	834	0	0
12:28:04.0750	72	830	0	0
12:28:05.0650	72	868	0	0
12:28:06.0850	72	924	0	0
12:28:07.0750	71	892	0	0
12:28:08.0650	71	854	0	0
12:28:09.0850	71	846	855	0
12:28:10.0750	71	835	0	0
12:28:11.1160	71	823	0	0
12:28:12.0850	71	803	0	0
12:28:13.0750	72	782	818	0
12:28:14.0650	72	862	0	0
12:28:15.0850	72	902	0	0
12:28:16.0760	71	898	0	0
12:28:17.0650	71	905	0	0
12:28:18.0850	71	870	0	0
12:28:19.0750	70	829	809	0
12:28:20.0650	71	783	0	0
12:28:21.0850	71	751	0	0
12:28:22.0750	73	760	769	0
12:28:23.0950	73	791	0	0
12:28:24.1060	74	775	0	0
12:28:25.0750	74	798	0	0
12:28:26.0650	74	836	0	0
12:28:27.0850	74	865	821	0
12:28:28.0750	73	817	0	0
12:28:29.0650	73	811	0	0
12:28:30.0850	74	771	747	0
12:28:31.0750	74	752	0	0
12:28:32.0650	75	762	0	0
12:28:33.1150	75	770	0	0
12:28:34.0750	76	766	780	0
12:28:35.0650	76	809	0	0
12:28:36.0850	76	811	0	0
12:28:37.0750	76	811	0	0
12:28:38.0650	76	843	0	0
12:28:39.0850	75	882	886	0
12:28:40.0750	74	853	0	0
12:28:41.0650	74	870	0	0
12:28:42.0850	73	878	0	0
12:28:43.0750	73	864	0	0
12:28:44.0650	72	823	0	0
12:28:45.0850	72	833	842	0
12:28:46.0750	72	852	0	0
12:28:47.0650	72	826	0	0
12:28:48.0850	72	826	0	0
12:28:49.0750	72	824	0	0
12:28:50.0650	72	801	813	0
12:28:51.0850	73	834	0	0
12:28:52.0750	73	879	0	0
12:28:53.0650	72	859	0	0
12:28:54.0850	72	889	0	0
12:28:55.0960	72	900	0	0
12:28:56.1250	71	899	853	0
12:28:57.0850	71	833	0	0
12:28:58.0750	71	810	0	0
12:28:59.0650	71	771	743	0
12:29:00.0850	72	740	0	0
12:29:01.0750	73	729	0	0
12:29:02.0650	75	715	722	0
12:29:03.0850	76	773	0	0
12:29:04.0750	76	870	0	0
12:29:05.0650	76	902	0	0
12:29:06.0850	75	872	0	0
12:29:07.0750	74	868	0	0
12:29:08.0860	73	842	784	0
12:29:09.0850	73	771	0	0
12:29:10.0750	74	746	723	0
12:29:11.1250	75	704	0	0
12:29:12.0850	76	723	0	0
12:29:13.0750	77	747	0	0
12:29:14.0650	77	776	0	0
12:29:15.0860	77	778	852	0
12:29:16.1050	77	910	0	0
12:29:17.0660	76	912	0	0
12:29:18.0850	75	940	0	0
12:29:19.0750	74	961	0	0
12:29:20.0650	73	938	0	0
12:29:21.0850	72	876	0	0
12:29:22.0760	71	862	839	0
12:29:23.0660	71	802	0	0
12:29:24.0850	71	795	0	0
12:29:25.0750	72	797	0	0
12:29:26.0950	72	811	0	0
12:29:27.0860	73	796	835	0
12:29:28.0760	73	870	0	0
12:29:29.1250	72	910	0	0
12:29:30.0850	72	879	0	0
12:29:31.0750	71	901	0	0
12:29:32.0660	71	895	0	0
12:29:33.1160	70	854	802	0
12:29:34.0750	71	811	0	0
12:29:35.0660	71	815	0	0
12:29:36.0860	72	795	733	0
12:29:37.1060	72	731	0	0
12:29:38.0650	73	759	0	0
12:29:39.1060	74	834	0	0
12:29:40.0760	74	850	830	0
12:29:41.0650	74	800	0	0
12:29:42.0860	74	767	0	0
12:29:43.0750	75	715	694	0
12:29:44.0660	76	669	0	0
12:29:45.0860	78	658	664	0
12:29:46.0750	80	696	0	0
12:29:47.0660	80	713	0	0
12:29:48.1160	81	717	0	0
12:29:49.0760	81	778	863	0
12:29:50.0660	80	893	0	0
12:29:51.0850	79	847	0	0
12:29:52.0760	78	840	0	0
12:29:53.0660	77	839	0	0
12:29:54.0860	76	814	813	0
12:29:55.0760	76	844	0	0
12:29:56.0660	76	860	0	0
12:29:57.0860	75	814	0	0
12:29:58.0760	75	818	813	0
12:29:59.0660	75	790	0	0
12:30:00.0860	75	786	0	0
12:30:01.0760	75	823	0	0
12:30:02.0960	75	879	0	0
12:30:03.1160	74	867	854	0
12:30:04.0760	73	844	0	0
12:30:05.0660	73	787	0	0
12:30:06.0860	74	712	715	0
12:30:07.0760	75	746	0	0
12:30:08.0660	76	820	0	0
12:30:09.0860	76	876	0	0
12:30:10.0760	75	854	0	0
12:30:11.0660	75	878	0	0
12:30:12.0860	74	883	853	0
12:30:13.0760	73	810	0	0
12:30:14.0870	73	816	0	0
12:30:15.0860	73	829	0	0
12:30:16.0760	73	837	0	0
12:30:17.1260	73	823	0	0
12:30:18.1160	73	820	856	0
12:30:19.0760	73	887	0	0
12:30:20.0660	72	845	0	0
12:30:21.0860	72	848	0	0
12:30:22.0760	72	876	0	0
12:30:23.0870	72	910	0	0
12:30:24.0860	71	886	872	0
12:30:25.0760	71	871	0	0
12:30:26.0660	70	861	0	0
12:30:27.0860	70	817	0	0
12:30:28.0760	70	802	0	0
12:30:29.0660	71	813	813	0
12:30:30.0860	71	783	0	0
12:30:31.0760	72	819	0	0
12:30:32.0660	72	854	804	0
12:30:33.0860	72	753	0	0
12:30:34.0760	73	743	0	0
12:30:35.0960	74	776	736	0
12:30:36.1070	74	734	0	0
12:30:37.0780	75	715	0	0
12:30:38.0660	77	709	704	0
12:30:39.0860	79	674	637	0
12:30:40.0760	80	619	0	0
12:30:41.0660	86	596	593	0
12:30:42.0860	88	603	0	0
12:30:43.0760	90	690	0	0
12:30:44.0660	92	1036	0	0
12:30:45.0860	93	877	0	0
12:30:46.0760	94	932	0	0
12:30:47.0670	93	981	0	0
12:30:48.0860	93	979	0	0
12:30:49.0760	92	897	0	0
12:30:50.0670	79	883	889	0
12:30:51.0860	78	862	0	0
12:30:52.0770	77	799	0	0
12:30:53.0660	76	789	782	0
12:30:54.0870	76	756	0	0
12:30:55.0770	77	692	666	0
12:30:56.0660	78	663	0	0
12:30:57.0860	80	694	0	0
12:30:58.0760	80	844	0	0
12:30:59.0660	80	927	0	0
12:31:00.0870	79	931	0	0
12:31:01.0770	78	902	0	0
12:31:02.0660	75	867	826	0
12:31:03.0860	75	795	0	0
12:31:04.0770	75	766	748	0
12:31:05.0660	76	726	0	0
12:31:06.0860	76	713	0	0
12:31:07.0770	78	707	695	0
12:31:08.0670	78	689	0	0
12:31:09.0870	80	674	663	0
12:31:10.0760	81	636	0	0
12:31:11.0660	82	646	0	0
12:31:12.0870	84	682	0	0
12:31:13.0770	84	827	0	0
12:31:14.0670	84	953	0	0
12:31:15.0870	74	979	981	0
12:31:16.0770	73	954	0	0
12:31:17.0670	72	893	0	0
12:31:18.0870	71	813	738	0
12:31:19.0770	72	729	0	0
12:31:20.0890	73	722	0	0
12:31:21.0870	74	759	0	0
12:31:22.0770	75	803	785	0
12:31:23.0670	75	766	0	0
12:31:24.0870	75	781	0	0
12:31:25.0770	75	804	0	0
12:31:26.0670	75	835	838	0
12:31:27.0870	75	804	0	0
12:31:28.0770	75	783	0	0
12:31:29.0670	75	775	781	0
12:31:30.0870	75	757	0	0
12:31:31.0770	76	748	0	0
12:31:32.0670	76	750	0	0
12:31:33.0870	77	771	813	0
12:31:34.0770	77	841	0	0
12:31:35.0670	76	791	0	0
12:31:36.0870	76	724	688	0
12:31:37.0770	77	685	0	0
12:31:38.0670	79	693	725	0
12:31:39.0870	80	763	0	0
12:31:40.0770	80	782	0	0
12:31:41.0670	80	747	0	0
12:31:42.1070	79	763	776	0
12:31:43.0770	79	749	0	0
12:31:44.0670	79	733	0	0
12:31:45.0870	79	747	0	0
12:31:46.0770	79	820	873	0
12:31:47.0670	78	865	0	0
12:31:48.0870	78	828	0	0
12:31:49.0770	77	822	0	0
12:31:50.0670	76	828	841	0
12:31:51.0870	76	792	0	0
12:31:52.0770	75	798	0	0
12:31:53.0670	75	793	0	0
12:31:54.0870	75	814	786	0
12:31:55.0770	75	790	0	0
12:31:56.0670	75	828	0	0
12:31:57.1170	75	874	0	0
12:31:58.0770	75	872	0	0
12:31:59.0970	74	854	0	0
12:32:00.0870	73	837	812	0
12:32:01.0770	73	781	0	0
12:32:02.0670	74	732	0	0
12:32:03.0870	75	738	749	0
12:32:04.1120	75	806	0	0
12:32:05.0670	76	824	0	0
12:32:06.0870	75	832	0	0
12:32:07.0770	75	835	0	0
12:32:08.0670	74	845	822	0
12:32:09.0870	74	811	0	0
12:32:10.0780	74	800	0	0
12:32:11.0670	74	788	757	0
12:32:12.0870	75	733	0	0
12:32:13.0780	75	740	0	0
12:32:14.1080	76	755	787	0
12:32:15.0860	76	775	0	0
12:32:16.0760	77	782	0	0
12:32:17.0810	77	785	0	0
12:32:18.0860	77	754	763	0
12:32:19.0760	77	764	0	0
12:32:20.2100	77	748	737	0
12:32:21.0860	78	748	0	0
12:32:22.0770	78	753	0	0
12:32:23.0660	78	743	728	0
12:32:24.0860	79	737	0	0
12:32:25.0760	79	750	0	0
12:32:26.0700	79	770	0	0
12:32:27.0860	79	774	772	0
12:32:28.0750	79	794	0	0
12:32:29.0650	79	865	0	0
12:32:30.1170	78	886	0	0
12:32:31.0750	77	866	0	0
