11:12:54.1940	55	1444	0	0
11:12:55.6320	55	1388	0	0
11:12:56.5910	54	1209	0	0
11:12:57.5510	54	0	0	0
11:12:58.5110	53	1255	0	0
11:12:58.9920	53	1077	0	0
11:12:59.9510	52	1393	0	0
11:13:00.9120	52	1011	0	0
11:13:02.3520	52	1327	0	0
11:13:02.8310	52	0	0	0
11:13:04.2720	52	906	0	0
11:13:06.1930	52	1476	0	0
11:13:06.6710	53	1347	0	0
11:13:07.6320	52	992	0	0
11:13:08.5940	52	0	0	0
11:13:09.0720	52	1345	1282	0
11:13:10.0320	51	1349	0	0
11:13:10.9940	51	0	0	0
11:13:11.9520	51	907	0	0
11:13:12.9120	51	892	0	0
11:13:13.8750	53	1452	0	0
11:13:14.8310	53	1347	0	0
11:13:16.2710	53	0	0	0
11:13:17.7120	52	969	0	0
11:13:18.1910	52	1218	0	0
11:13:19.1520	52	1203	1160	0
11:13:20.5920	52	0	0	0
11:13:21.5510	52	864	0	0
11:13:22.0320	53	834	0	0
11:13:22.9910	55	1331	0	0
11:13:23.9520	55	1346	0	0
11:13:25.3910	54	1245	0	0
11:13:25.8730	53	902	0	0
11:13:26.8310	53	0	0	0
11:13:28.2710	54	880	0	0
11:13:29.2320	55	1039	0	0
11:13:30.1920	56	1466	0	0
11:13:31.1520	55	1188	0	0
11:13:32.1180	54	1298	0	0
11:13:33.0720	54	1196	0	0
11:13:34.0320	53	1078	0	0
11:13:34.9920	53	1063	0	0
11:13:35.9520	53	922	0	0
11:13:36.9120	54	840	0	0
11:13:37.8720	54	0	0	0
11:13:38.8310	56	821	0	0
11:13:40.7520	57	1045	0	0
11:13:41.7120	58	1389	0	0
11:13:42.1920	57	1211	0	0
11:13:43.1510	56	998	0	0
11:13:44.5920	56	1017	0	0
11:13:45.0720	56	886	0	0
11:13:46.5120	57	919	0	0
11:13:46.9920	58	1344	0	0
11:13:48.4320	58	1146	0	0
11:13:49.8720	57	832	0	0
11:13:49.8750	57	784	0	0
11:13:51.3110	59	899	0	0
11:13:52.2720	60	1292	0	0
11:13:53.2350	60	956	0	0
11:13:54.6710	59	1354	0	0
11:13:55.1520	59	1179	0	0
11:13:56.1130	59	0	0	0
11:13:57.5520	58	1123	0	0
11:13:58.0310	57	852	0	0
11:13:58.9930	57	0	0	0
11:13:59.9530	58	1466	0	0
11:14:00.9130	56	1406	1365	0
11:14:02.3520	56	0	0	0
11:14:02.8320	55	1026	0	0
11:14:04.2730	54	926	0	0
11:14:05.2340	55	1388	0	0
11:14:06.1920	55	1304	0	0
11:14:07.1530	54	1271	0	0
11:14:08.1120	53	918	0	0
11:14:09.0720	53	875	0	0
11:14:10.0320	53	0	0	0
11:14:10.9920	55	815	0	0
11:14:11.9540	56	870	0	0
11:14:12.9120	58	1632	0	0
11:14:14.3530	58	1217	0	0
11:14:14.8330	57	1307	0	0
11:14:16.2710	55	1246	0	0
11:14:17.7120	55	0	0	0
11:14:18.1920	54	1169	0	0
11:14:19.1510	53	953	0	0
11:14:20.1180	53	1293	0	0
11:14:21.0740	53	0	0	0
11:14:22.0320	53	1290	0	0
11:14:22.9920	53	1356	0	0
11:14:24.4310	52	1339	0	0
11:14:24.9120	51	1014	0	0
11:14:25.8720	51	0	0	0
11:14:26.8320	51	1235	0	0
11:14:28.2710	52	1467	0	0
11:14:29.2320	51	1305	0	0
11:14:30.1920	51	0	0	0
11:14:31.1520	50	1188	0	0
11:14:32.1110	50	1406	0	0
11:14:33.5520	50	0	0	0
11:14:34.0320	50	1498	0	0
11:14:34.9920	49	1340	0	0
11:14:35.9520	48	1367	0	0
11:14:36.9120	48	1217	0	0
11:14:37.8720	48	878	0	0
11:14:38.8320	49	1347	0	0
11:14:40.2730	50	1335	0	0
11:14:41.2320	50	0	0	0
11:14:42.1920	49	1084	0	0
11:14:43.1520	49	912	0	0
11:14:44.1130	50	1326	0	0
11:14:45.0720	51	1308	0	0
11:14:46.5120	50	1269	0	0
11:14:46.9910	50	990	0	0
11:14:47.9520	50	916	0	0
11:14:48.9120	52	805	0	0
11:14:49.8720	53	801	0	0
11:14:51.3120	56	814	0	0
11:14:52.2720	57	1359	0	0
11:14:53.7120	58	1137	0	0
11:14:54.6720	57	883	0	0
11:14:55.1510	58	908	921	0
11:14:56.1600	58	0	0	0
11:14:57.0700	59	819	0	0
11:14:58.0300	60	790	0	0
11:14:59.2310	63	1355	0	0
11:14:59.9500	65	1314	0	0
11:15:00.9120	65	1276	0	0
11:15:01.8710	65	0	0	0
11:15:02.8310	65	888	0	0
11:15:06.1900	65	936	0	0
11:15:06.1910	65	1480	0	0
11:15:06.7270	64	1390	0	0
11:15:07.1500	64	0	0	0
11:15:08.5960	62	1007	0	0
11:15:09.5510	61	1386	0	0
11:15:10.5180	60	1413	0	0
11:15:10.9920	58	1046	0	0
11:15:11.9510	57	1284	0	0
11:15:12.9110	57	891	0	0
11:15:14.3520	57	0	0	0
11:15:14.8320	57	1030	0	0
11:15:16.7520	57	1465	0	0
11:15:17.7120	57	1396	0	0
11:15:18.1920	57	0	0	0
11:15:19.1520	55	1132	0	0
11:15:20.1120	54	1363	0	0
11:15:21.0720	54	1350	0	0
11:15:22.0320	53	1201	0	0
11:15:22.9920	53	0	0	0
11:15:23.9520	52	982	0	0
11:15:25.3920	53	1465	0	0
11:15:25.8720	52	1449	0	0
11:15:26.8330	52	0	0	0
11:15:28.2700	51	1297	0	0
11:15:29.2320	51	1107	0	0
11:15:30.1920	51	1325	0	0
11:15:31.1520	51	0	0	0
11:15:32.1150	50	1256	0	0
11:15:33.0720	50	1364	0	0
11:15:34.0320	50	1393	0	0
11:15:35.4720	50	0	0	0
11:15:35.9520	49	1153	0	0
11:15:36.9120	49	1404	0	0
11:15:37.8720	49	1355	0	0
11:15:38.8320	48	1265	0	0
11:15:40.2720	48	1346	0	0
11:15:41.2320	48	0	0	0
11:15:42.1920	48	942	0	0
11:15:43.1520	48	1436	0	0
11:15:44.1100	48	0	0	0
11:15:45.0720	49	1425	0	0
11:15:46.0320	48	1322	0	0
11:15:46.9920	48	1393	0	0
11:15:47.9510	48	0	0	0
11:15:48.9120	47	1322	0	0
11:15:50.8330	47	1247	0	0
11:15:50.8370	47	1344	0	0
11:15:52.2720	47	0	0	0
11:15:53.2320	47	1294	0	0
11:15:54.2480	47	1301	0	0
11:15:55.1510	47	1407	0	0
11:15:56.1120	47	0	0	0
11:15:57.1450	46	1293	1331	0
11:15:58.0310	46	1356	0	0
11:15:58.9910	46	0	0	0
11:15:59.9510	46	967	0	0
11:16:00.9120	47	862	0	0
11:16:01.8720	47	0	0	0
11:16:02.8320	50	1569	0	0
11:16:04.7520	52	1524	0	0
11:16:05.7110	52	1469	0	0
11:16:06.1920	52	0	0	0
11:16:07.1510	50	1356	0	0
11:16:08.1120	48	1188	0	0
11:16:09.0720	48	1190	0	0
11:16:10.0320	48	1045	0	0
11:16:10.9920	49	1263	0	0
11:16:11.9520	49	1219	0	0
11:16:12.9110	49	0	0	0
11:16:13.8720	49	901	0	0
11:16:14.8330	50	1373	0	0
11:16:16.7520	51	1363	0	0
11:16:17.2320	50	1246	0	0
11:16:18.1920	49	1177	0	0
11:16:19.1520	49	861	0	0
11:16:20.1120	49	0	0	0
11:16:21.0720	51	810	0	0
11:16:22.0320	53	887	0	0
11:16:22.9920	55	1701	0	0
11:16:23.9520	55	0	0	0
11:16:24.9120	55	1494	0	0
11:16:25.8720	54	1299	0	0
11:16:26.8320	51	1288	0	0
11:16:28.2710	50	1292	0	0
11:16:29.2320	50	926	0	0
11:16:30.1920	50	0	0	0
11:16:31.1520	50	921	0	0
11:16:32.1180	52	1366	0	0
11:16:33.0730	52	1461	0	0
11:16:34.9920	51	1339	0	0
11:16:34.9950	51	0	0	0
11:16:35.9520	50	1175	0	0
11:16:36.9110	50	1272	0	0
11:16:37.8720	50	1359	0	0
11:16:38.8320	49	1174	0	0
11:16:40.2720	49	0	0	0
11:16:41.2320	49	1143	0	0
11:16:42.1920	50	1479	0	0
11:16:43.1520	49	1413	0	0
11:16:44.1120	48	1327	0	0
11:16:45.0720	48	1120	0	0
11:16:46.0320	48	0	0	0
11:16:46.9920	48	875	0	0
11:16:47.9520	49	909	0	0
11:16:48.9120	49	0	0	0
11:16:49.8720	51	1536	0	0
11:16:50.8320	51	1529	0	0
11:16:52.2720	50	1445	0	0
11:16:54.1910	49	1336	0	0
11:16:54.1940	49	0	0	0
11:16:55.1520	49	1288	0	0
11:16:56.1120	48	1189	0	0
11:16:57.0720	48	1224	0	0
11:16:58.0310	48	0	0	0
11:16:58.9920	48	1359	0	0
11:16:59.9520	48	1258	0	0
11:17:00.9130	48	1307	0	0
11:17:01.8720	48	1278	0	0
11:17:02.8320	48	0	0	0
11:17:04.2720	48	1108	0	0
11:17:05.2320	48	1196	1299	0
11:17:06.1920	48	1015	0	0
11:17:07.1520	49	829	0	0
11:17:08.1110	51	810	0	0
11:17:09.0710	53	848	0	0
11:17:10.0320	55	940	0	0
11:17:10.9920	56	878	0	0
11:17:11.9520	57	836	0	0
11:17:12.9120	58	901	0	0
11:17:13.8720	59	1253	0	0
11:17:14.8320	59	0	0	0
11:17:16.2720	59	1220	0	0
11:17:17.2320	58	1302	0	0
11:17:18.1920	57	1272	0	0
11:17:19.1520	56	1189	0	0
11:17:20.1120	56	0	0	0
11:17:21.0720	55	1287	0	0
11:17:22.0320	55	1368	0	0
11:17:22.9920	54	1360	0	0
11:17:23.9520	54	0	0	0
11:17:24.9120	53	1376	0	0
11:17:25.8720	52	1155	0	0
11:17:26.8320	52	0	0	0
11:17:28.2720	51	1565	0	0
11:17:29.2320	51	1359	0	0
11:17:30.1920	50	1408	0	0
11:17:31.1520	49	1249	0	0
11:17:33.0720	49	0	0	0
11:17:34.0330	49	1135	0	0
11:17:34.0360	49	1359	0	0
11:17:34.9920	49	1108	0	0
11:17:35.9520	49	1090	0	0
11:17:36.9120	50	1436	0	0
11:17:37.8720	49	1374	0	0
11:17:38.8320	49	946	0	0
11:17:40.2720	49	882	0	0
11:17:41.2320	53	803	847	0
11:17:42.1930	55	791	0	0
11:17:43.1520	57	765	0	0
11:17:44.1130	61	758	742	0
11:17:45.0720	63	714	0	0
11:17:46.0320	67	704	698	0
11:17:46.9920	69	688	0	0
11:17:48.4330	74	676	651	0
11:17:48.9120	78	644	0	0
11:17:49.8720	81	641	633	0
11:17:50.8320	84	622	611	0
11:17:52.2720	85	605	0	0
11:17:53.2320	87	607	0	0
11:17:54.1920	89	622	0	0
11:17:55.1510	90	696	0	0
11:17:56.1120	90	1008	0	0
11:17:57.0770	85	934	0	0
11:17:58.0320	78	1108	0	0
11:17:58.9920	73	1109	0	0
11:17:59.9510	69	986	0	0
11:18:00.9120	68	949	0	0
11:18:02.8310	67	1006	980	0
11:18:03.7910	66	828	0	0
11:18:04.2720	66	805	0	0
11:18:05.2330	67	808	0	0
11:18:06.1930	68	758	0	0
11:18:07.1510	69	805	0	0
11:18:08.1130	69	1205	0	0
11:18:09.0710	69	1048	0	0
11:18:10.0320	67	829	779	0
11:18:10.9930	68	830	0	0
11:18:11.9520	68	858	0	0
11:18:12.9120	69	799	731	0
11:18:13.8720	70	733	0	0
11:18:14.8310	71	782	0	0
11:18:16.2720	72	858	0	0
11:18:17.2320	72	896	817	0
11:18:18.1920	72	744	0	0
11:18:19.1530	72	724	0	0
11:18:20.1120	74	704	682	0
11:18:21.0720	77	675	660	0
11:18:22.0330	78	649	0	0
11:18:22.9910	81	634	626	0
11:18:23.9510	82	624	0	0
11:18:24.9110	84	620	0	0
11:18:25.8710	85	626	0	0
11:18:26.8320	87	678	0	0
11:18:28.2710	89	1166	0	0
11:18:29.2310	90	941	0	0
11:18:30.1910	90	1009	0	0
11:18:31.1510	90	1114	0	0
11:18:32.1110	89	975	0	0
11:18:33.0730	83	917	918	0
11:18:34.0350	77	902	0	0
11:18:34.9920	76	769	0	0
11:18:35.9520	76	724	0	0
11:18:36.9130	76	751	0	0
11:18:37.8730	77	866	1006	0
11:18:38.8320	77	0	0	0
11:18:40.2720	75	804	833	0
11:18:41.2320	74	1229	0	0
11:18:42.1920	73	901	0	0
11:18:43.1520	71	793	0	0
11:18:44.1120	72	761	724	0
11:18:45.0720	73	813	0	0
11:18:46.0320	73	0	0	0
11:18:46.9920	73	872	890	0
11:18:47.9530	73	1165	0	0
11:18:48.9120	71	977	0	0
11:18:49.8720	70	797	0	0
11:18:50.8320	70	777	753	0
11:18:52.2720	71	771	0	0
11:18:53.2320	72	735	0	0
11:18:54.1920	73	711	0	0
11:18:55.6340	74	773	0	0
11:18:56.1120	76	1303	0	0
11:18:57.0720	78	1226	0	0
11:18:58.0310	78	1125	0	0
11:18:58.9920	77	895	0	0
11:18:59.9520	75	767	761	0
11:19:00.9120	76	781	0	0
11:19:01.8720	77	755	735	443
11:19:03.3120	77	0	0	0
11:19:04.2730	77	0	0	0
11:19:05.2320	77	0	0	0
11:19:06.6720	77	0	0	0
11:19:07.6320	77	0	0	0
11:19:08.1120	77	0	0	0
11:19:09.5520	77	0	0	0
11:19:10.0320	77	259	0	0
11:19:10.9920	77	0	0	0
11:19:12.4320	0	0	0	0
11:19:12.9120	0	0	0	0
11:19:13.8730	0	0	0	0
11:19:14.8320	0	0	0	0
11:19:16.2720	0	421	0	0
11:19:17.7120	78	7813	6016	0
11:19:18.1920	79	505	505	0
11:19:19.1520	80	507	508	0
11:19:20.5920	81	508	509	0
11:19:21.0720	81	0	0	0
11:19:22.0320	81	0	0	0
11:19:22.9920	88	502	0	0
11:19:23.9530	88	0	0	0
11:19:24.9140	88	0	0	0
11:19:25.8710	88	0	0	0
11:19:26.8320	88	0	0	0
11:19:28.2720	88	0	0	0
11:19:29.3900	88	0	0	0
11:19:30.1910	88	0	0	0
11:25:52.0160	70	887	0	0
11:25:53.0030	70	1096	0	0
11:25:53.9940	68	839	862	0
11:25:54.9830	68	845	0	0
11:25:55.9730	69	852	0	0
11:25:57.0030	69	882	838	429
11:25:57.9820	69	0	0	0
11:25:59.0330	69	0	0	0
11:26:00.0840	69	476	0	0
11:26:00.9830	68	419	0	0
11:26:01.9730	68	2868	646	0
11:26:03.0230	68	644	0	0
11:26:03.9840	68	672	0	0
11:26:05.0130	70	734	765	0
11:26:06.0530	72	788	0	0
11:26:06.9830	73	841	0	0
11:26:07.9730	73	856	0	0
11:26:08.9930	73	968	0	0
11:26:10.0130	71	932	792	0
11:26:10.9730	71	746	0	0
11:26:11.9930	72	745	0	0
11:26:12.9830	73	748	729	0
11:26:13.9740	74	705	0	0
11:26:14.9930	75	709	0	0
11:26:15.9830	76	748	0	0
11:26:16.9730	77	816	823	0
11:26:17.9930	76	820	0	0
11:26:18.9840	76	757	0	0
11:26:20.0120	76	769	799	0
11:26:21.0240	76	770	0	0
11:26:21.9830	76	778	0	0
11:26:22.9810	77	728	699	0
11:26:23.9930	78	688	0	0
11:26:25.0150	80	662	660	0
11:26:26.0330	81	661	0	0
11:26:27.0240	84	654	649	688
11:26:27.9820	86	450	0	0
11:26:28.9730	87	445	0	0
11:26:29.9940	88	975	0	0
11:26:31.0140	89	860	0	0
11:26:31.9730	89	935	0	0
11:26:32.9930	89	954	0	0
11:26:34.1920	88	884	0	0
11:26:35.2710	88	870	0	0
11:26:36.0740	82	865	875	0
11:26:37.0380	81	976	0	0
11:26:37.9740	79	806	0	0
11:26:39.0610	78	733	722	0
11:26:39.9860	78	681	0	0
11:26:41.0600	80	664	661	0
11:26:42.0480	82	657	652	0
11:26:43.0740	83	636	0	0
11:26:43.9730	86	633	644	0
11:26:44.9940	87	663	0	0
11:26:45.9830	87	666	0	0
11:26:46.9720	88	675	0	0
11:26:47.9930	88	725	0	0
11:26:49.0450	88	946	0	0
11:26:50.1000	82	1338	0	0
11:26:50.9930	73	992	828	0
11:26:52.1120	73	742	0	0
11:26:53.0080	73	738	0	0
11:26:54.1130	74	777	0	0
11:26:54.9820	74	794	0	0
11:26:56.0040	75	756	0	0
11:26:57.0290	75	832	0	0
11:26:58.0130	75	1218	0	0
11:26:59.0340	72	892	907	0
11:26:59.9940	72	955	0	0
11:27:01.0130	71	794	0	0
11:27:02.0030	71	814	0	0
11:27:02.9940	71	828	0	0
11:27:04.0430	71	1176	0	0
11:27:04.9740	70	809	821	0
11:27:05.9940	70	0	0	0
11:27:07.1920	70	848	0	0
11:27:08.1630	71	772	1177	0
11:27:09.0530	70	1052	0	0
11:27:10.1100	68	832	0	0
11:27:11.2220	68	816	0	0
11:27:17.9780	75	712	712	0
11:27:18.9970	76	695	0	0
11:27:19.9890	78	668	662	0
11:27:20.9770	79	693	0	0
11:27:21.9670	80	750	0	0
11:27:22.9880	80	0	0	0
11:27:23.9770	80	871	1313	0
11:27:24.9970	80	0	0	0
11:27:25.9890	71	1006	892	0
11:27:26.9780	70	1139	0	0
11:27:27.9960	70	0	0	0
11:27:28.9880	69	843	0	0
11:27:29.9780	68	825	0	0
11:27:30.9670	69	1326	0	0
11:27:31.9890	68	1172	0	0
11:27:33.0090	66	1241	0	0
11:27:33.9670	66	0	0	0
11:27:35.0160	64	1163	0	0
11:27:35.9770	61	1196	1246	0
11:27:36.9680	60	1109	0	0
11:27:38.0160	60	0	0	0
11:27:39.0690	59	845	0	0
11:27:39.9670	61	835	1278	0
11:27:40.9890	61	915	0	0
11:27:42.0130	60	894	0	0
11:27:42.9670	61	953	0	0
11:27:43.9870	62	858	776	0
11:27:44.9780	62	0	0	0
11:27:45.9670	63	727	0	0
11:27:46.9870	65	730	0	0
11:27:48.0070	67	1270	1027	0
11:27:48.9970	67	0	0	0
11:27:49.9870	66	824	0	0
11:27:50.9770	66	854	0	0
11:27:51.9670	67	1071	0	0
11:27:53.0170	66	1160	0	0
11:27:53.9780	65	1063	0	0
11:27:54.9670	64	1155	0	0
11:27:55.9870	63	1144	0	0
11:27:56.9770	62	867	854	0
11:27:57.9660	63	938	0	0
11:27:58.9870	63	797	0	0
11:27:59.9770	64	782	0	0
11:28:00.9970	65	782	0	0
11:28:01.9870	67	818	813	0
11:28:02.9770	68	869	0	0
11:28:03.9690	68	882	0	0
11:28:04.9870	68	832	0	0
11:28:05.9770	68	994	0	0
11:28:06.9670	68	1013	0	0
11:28:07.9890	67	943	0	0
11:28:08.9780	67	1051	0	0
11:28:09.9670	67	0	0	0
11:28:10.9870	66	1181	0	0
11:28:11.9780	65	1024	0	0
11:28:12.9670	64	1273	0	0
11:28:14.0510	63	881	0	0
11:28:14.9760	62	914	0	0
11:28:15.9660	63	1305	0	0
11:28:16.9870	61	887	847	0
11:28:17.9770	62	961	0	0
11:28:18.9670	63	814	0	0
11:28:19.9870	63	765	0	0
11:28:21.0070	65	881	0	0
11:28:21.9960	65	1139	0	0
11:28:22.9880	65	858	0	0
11:28:23.9790	65	857	0	0
11:28:24.9690	65	881	0	0
11:28:25.9900	65	960	0	0
11:28:26.9810	65	932	0	0
11:28:27.9700	64	1204	989	0
11:28:28.9920	64	893	0	0
11:28:29.9820	64	771	0	0
11:28:30.9720	64	755	0	0
11:28:31.9930	66	823	0	0
11:28:32.9830	67	1198	0	0
11:28:33.9740	66	920	0	0
11:28:34.9940	65	867	0	0
11:28:35.9840	66	924	0	0
11:28:36.9750	66	1131	0	0
11:28:37.9950	65	1168	0	0
11:28:38.9850	65	0	0	0
11:28:39.9760	64	968	0	0
11:28:40.9950	63	1218	0	0
11:28:41.9850	62	1201	0	0
11:28:42.9760	61	1002	0	0
11:28:43.9960	60	1268	0	0
11:28:44.9860	60	0	0	0
11:28:45.9770	60	1415	0	0
11:28:46.9970	58	1071	0	0
11:28:47.9870	57	1109	0	0
11:28:48.9770	57	1255	0	0
11:28:49.9970	57	1170	0	0
11:28:50.9870	56	911	0	0
11:28:51.9780	56	826	0	0
11:28:52.9980	57	984	0	0
11:28:54.0180	58	1238	0	0
11:28:55.0080	58	1055	0	0
11:28:55.9980	57	987	0	0
11:28:56.9880	58	1189	0	0
11:28:57.9770	57	917	0	0
11:28:58.9970	57	857	0	0
11:28:59.9880	58	1250	0	0
11:29:00.9780	59	1067	0	0
11:29:01.9990	58	915	0	0
11:29:02.9880	58	1198	0	0
11:29:03.9780	58	1010	0	0
11:29:04.9990	58	874	763	0
11:29:05.9880	60	697	0	0
11:29:06.9790	65	689	672	0
11:29:07.9990	67	668	0	0
11:29:08.9890	71	683	680	0
11:29:09.9790	75	660	0	0
11:29:10.9990	78	661	670	0
11:29:11.9890	79	661	0	0
11:29:12.9790	80	670	0	0
11:29:13.9990	81	755	0	0
11:29:14.9890	81	893	840	0
11:29:16.0090	81	0	0	0
11:29:16.9990	79	765	0	0
11:29:17.9890	79	779	0	0
11:29:18.9790	79	1142	0	0
11:29:19.9990	76	1232	0	0
11:29:20.9890	71	894	0	0
11:29:21.9790	70	935	0	0
11:29:23.0290	70	1397	0	0
11:29:23.9890	70	0	0	0
11:29:24.9790	70	0	0	0
11:29:25.9990	66	1356	1030	0
11:29:27.0190	63	2155	0	0
11:29:28.0080	63	839	0	0
11:29:28.9980	63	813	0	0
11:29:30.0180	64	849	0	0
11:29:30.9790	66	904	0	0
11:29:31.9990	66	909	891	0
11:29:32.9890	66	853	0	0
11:29:33.9790	67	773	0	0
11:29:34.9990	69	744	770	0
11:29:35.9890	70	771	0	0
11:29:37.0170	70	772	0	0
11:29:37.9990	71	799	0	0
11:29:38.9890	72	840	0	0
11:29:39.9790	72	1031	0	0
11:29:40.9990	71	875	0	0
11:29:41.9890	70	845	0	0
11:29:42.9780	70	1180	0	0
11:29:43.9980	69	1128	0	0
11:29:44.9890	68	860	0	0
11:29:45.9790	67	938	0	0
11:29:46.9990	67	1204	0	0
11:29:47.9890	66	1330	0	0
11:29:48.9790	64	854	0	0
11:29:49.9990	64	0	0	0
11:29:51.0180	64	818	1315	0
11:29:51.9790	64	0	0	0
11:29:52.9990	64	1122	0	0
11:29:53.9890	62	869	0	0
11:29:54.9790	62	1287	0	0
11:29:55.9990	62	1114	0	0
11:29:56.9890	61	876	0	0
11:29:58.0080	61	1048	0	0
11:29:58.9980	61	0	0	0
11:30:00.0190	60	1334	1315	0
11:30:01.0090	59	1072	0	0
11:30:01.9990	58	904	0	0
11:30:02.9890	58	881	0	0
11:30:03.9790	59	926	0	0
11:30:04.9990	60	874	803	0
11:30:05.9890	62	756	0	0
11:30:06.9790	63	829	0	0
11:30:07.9990	64	941	0	0
11:30:08.9890	65	847	0	0
11:30:09.9790	65	780	0	0
11:30:10.9990	67	728	751	0
11:30:11.9970	69	982	0	0
11:30:12.9790	69	871	0	0
11:30:13.9990	69	779	764	0
11:30:14.9890	70	769	0	0
11:30:15.9790	71	751	0	0
11:30:16.9990	71	732	0	0
11:30:17.9890	72	784	0	0
11:30:19.0090	73	755	0	0
11:30:19.9990	74	786	0	0
11:30:21.0190	74	1238	0	0
11:30:21.9780	73	1176	0	0
11:30:22.9980	68	903	0	0
11:30:23.9900	67	856	0	0
11:30:24.9790	67	1041	0	0
11:30:25.9990	67	1355	0	0
11:30:26.9890	67	0	0	0
11:30:27.9780	65	1334	0	0
11:30:28.9980	63	1046	0	0
11:30:29.9890	62	1326	0	0
11:30:30.9790	61	1348	0	0
11:30:31.9990	59	1104	0	0
11:30:33.0190	58	1146	0	0
11:30:34.0090	58	855	0	0
11:30:34.9990	58	826	0	0
11:30:35.9890	60	819	0	0
11:30:36.9790	60	0	0	0
11:30:37.9990	61	859	0	0
11:30:38.9890	63	1571	0	0
11:30:40.0090	65	1243	0	0
11:30:40.9980	66	1090	0	0
11:30:41.9890	65	1204	0	0
11:30:42.9790	62	934	0	0
11:30:43.9990	61	835	0	0
11:30:44.9890	62	1334	0	0
11:30:45.9790	62	952	0	0
11:30:47.0080	61	836	0	0
11:30:47.9890	61	0	0	0
11:30:48.9790	61	1307	0	0
11:30:49.9990	61	1316	0	0
11:30:50.9890	60	1303	0	0
11:30:51.9790	58	1301	0	0
11:30:52.9990	58	0	0	0
11:30:54.0190	57	1133	0	0
11:30:54.9790	56	1354	0	0
11:30:55.9990	56	1241	0	0
11:30:57.0190	55	1356	0	0
11:30:57.9780	55	0	0	0
11:30:59.0290	53	1224	993	0
11:30:59.9890	53	1281	0	0
11:31:00.9790	53	862	0	0
11:31:01.9990	54	928	0	0
11:31:02.9890	55	1094	0	0
11:31:03.9790	56	839	0	0
11:31:04.9990	56	971	0	0
11:31:06.0190	57	1130	0	0
11:31:07.0090	57	872	0	0
11:31:07.9990	58	966	0	0
11:31:08.9890	58	0	0	0
11:31:09.9790	58	1220	0	0
11:31:10.9990	58	1010	0	0
11:31:11.9890	58	1145	0	0
11:31:12.9790	58	1320	0	0
11:31:13.9990	57	1213	0	0
11:31:14.9890	56	849	0	0
11:31:15.9790	56	836	0	0
11:31:16.9980	58	1111	0	0
11:31:17.9890	58	1219	0	0
11:31:18.9790	58	1134	0	0
11:31:19.9990	57	1053	0	0
11:31:20.9890	57	897	0	0
11:31:21.9870	57	897	0	0
11:31:22.9990	59	939	809	0
11:31:23.9890	60	773	0	0
11:31:24.9790	62	789	0	0
11:31:25.9990	64	777	742	0
11:31:26.9890	66	742	0	0
11:31:27.9780	67	756	0	0
11:31:29.0280	67	0	0	0
11:31:29.9890	69	823	1251	0
11:31:30.9790	69	1032	0	0
11:31:32.0290	67	797	0	0
11:31:32.9890	67	752	0	0
11:31:33.9780	68	749	0	0
11:31:34.9990	70	1374	0	0
11:31:36.0190	70	0	0	0
11:31:36.9790	72	1226	0	0
11:31:37.9990	73	910	0	0
11:31:39.0190	72	1146	0	0
11:31:40.0090	71	1409	0	0
11:31:40.9990	71	1317	0	0
11:31:41.9890	68	876	0	0
11:31:42.9790	68	837	871	0
11:31:43.9980	68	778	0	0
11:31:44.9890	69	759	0	0
11:31:45.9790	71	762	797	0
11:31:46.9990	71	806	0	0
11:31:47.9890	72	747	0	0
11:31:48.9790	72	737	0	0
11:31:49.9990	73	762	0	0
11:31:50.9890	74	794	0	0
11:31:51.9790	74	1132	0	0
11:31:53.0590	73	926	0	0
11:31:53.9890	72	965	0	0
11:31:54.9790	71	1032	0	0
11:31:55.9990	70	1297	0	0
11:31:56.9880	70	0	0	0
11:31:57.9780	66	1155	1257	0
11:31:58.9990	66	0	0	0
11:32:00.0180	64	976	0	0
11:32:00.9790	64	965	0	0
11:32:01.9990	63	1369	0	0
11:32:02.9890	62	1382	0	0
11:32:03.9880	62	0	0	0
11:32:04.9990	60	968	0	0
11:32:05.9890	60	1111	0	0
11:32:07.0090	59	1354	0	0
11:32:07.9990	58	1283	0	0
11:32:08.9890	57	919	0	0
11:32:09.9790	57	873	0	0
11:32:10.9990	58	981	0	0
11:32:12.0190	59	1206	0	0
11:32:13.0090	58	1104	0	0
11:32:14.0290	58	893	854	0
11:32:14.9890	59	822	0	0
11:32:15.9790	60	813	0	0
11:32:16.9990	63	726	740	0
11:32:17.9890	65	722	0	0
11:32:18.9790	67	743	0	0
11:32:19.9690	68	758	0	0
11:32:21.0490	70	788	0	0
11:32:21.9790	71	1312	0	0
11:32:22.9690	73	1257	0	0
11:32:23.9890	73	1041	0	0
11:32:24.9900	72	852	0	0
11:32:25.9690	70	814	0	0
11:32:26.9890	70	1001	0	0
11:32:28.0380	70	0	0	0
11:32:28.9680	70	1295	0	0
11:32:29.9890	68	1025	0	0
11:32:30.9790	67	1313	0	0
11:32:32.0070	65	1314	0	0
11:32:32.9890	63	934	0	0
11:32:34.0090	63	0	0	0
11:32:35.0360	63	988	0	0
11:32:35.9890	63	1396	0	0
11:32:36.9790	61	1287	0	0
11:32:37.9690	60	1003	0	0
11:32:38.9890	60	0	0	0
11:32:39.9790	59	1421	0	0
11:32:40.9690	58	1344	0	0
11:32:42.0190	57	1221	0	0
11:32:42.9780	56	1431	0	0
11:32:43.9690	56	0	0	0
11:32:45.0190	55	1289	0	0
11:32:46.0390	54	945	0	0
11:32:46.9990	54	0	0	0
11:32:47.9880	54	1407	0	0
11:32:49.0090	54	1400	0	0
11:32:49.9680	53	1362	0	0
11:32:50.9890	53	0	0	0
11:32:51.9790	52	1462	0	0
11:32:52.9680	51	1354	0	0
11:32:53.9890	50	1420	0	0
11:32:54.9790	50	0	0	0
11:32:56.0020	49	1255	0	0
11:32:57.0180	49	1366	0	0
11:32:57.9780	49	1312	0	0
11:32:58.9680	49	0	0	0
11:32:59.9890	48	1343	0	0
11:33:00.9790	48	1342	0	0
11:33:01.9690	48	1242	0	0
11:33:02.9980	48	0	0	0
11:33:03.9790	47	1393	0	0
11:33:04.9680	47	1350	0	0
11:33:06.0190	47	1171	0	0
11:33:06.9790	47	1221	1019	0
11:33:07.9690	48	818	0	0
11:33:08.9890	48	0	0	0
11:33:09.9790	50	807	0	0
11:33:10.9690	52	1011	0	0
11:33:11.9890	54	1533	0	0
11:33:12.9790	53	1299	0	0
11:33:13.9690	52	1108	0	0
11:33:14.9890	52	840	0	0
11:33:15.9790	53	783	0	0
11:33:17.0090	55	803	0	0
11:33:18.0200	55	0	0	0
11:33:19.0090	57	1324	0	0
11:33:19.9990	58	1261	0	0
11:33:20.9890	56	1184	0	0
11:33:21.9790	56	1186	0	0
11:33:22.9690	55	1245	0	0
11:33:23.9890	55	864	0	0
11:33:24.9800	55	828	0	0
11:33:25.9710	57	942	0	0
11:33:26.9890	58	1413	0	0
11:33:27.9780	58	0	0	0
11:33:28.9690	57	999	0	0
11:33:30.0490	57	1386	0	0
11:33:30.9880	56	1387	0	0
11:33:31.9690	55	1342	0	0
11:33:32.9890	55	0	0	0
11:33:33.9790	54	1056	0	0
11:33:34.9990	53	1311	0	0
11:33:36.0190	53	1269	0	0
11:33:36.9790	53	0	0	0
11:33:38.0290	53	1313	0	0
11:33:38.9890	52	1364	0	0
11:33:39.9790	51	1307	0	0
11:33:40.9690	51	1107	0	0
11:33:41.9890	51	952	0	0
11:33:42.9780	51	0	0	0
11:33:43.9690	53	893	1491	0
11:33:44.9880	52	1396	882	0
11:33:45.9800	52	0	0	0
11:33:46.9690	52	0	0	0
11:33:47.9890	52	0	0	0
11:33:48.9790	52	0	0	0
11:33:49.9690	52	0	0	0
11:33:51.0190	52	0	0	0
11:33:52.0090	50	529	0	0
11:33:52.9990	49	6110	0	0
11:33:53.9890	49	0	0	0
11:33:54.9790	47	1271	0	0
11:33:55.9690	47	1092	0	0
11:33:56.9890	47	1247	0	0
11:33:57.9780	48	1185	0	0
11:33:58.9690	48	981	0	0
11:33:59.9890	50	1318	0	0
11:34:00.9790	50	0	0	0
11:34:01.9690	50	1193	0	0
11:34:02.9890	50	887	0	0
11:34:03.9790	50	0	0	0
11:34:04.9690	51	1397	0	0
11:34:06.0580	51	1515	0	0
11:34:06.9790	50	1405	0	0
11:34:07.9700	49	1188	0	0
11:34:08.9890	49	1163	0	0
11:34:09.9790	49	0	0	0
11:34:10.9690	49	1268	0	0
11:34:11.9890	50	1073	1330	0
11:34:12.9790	50	0	0	0
11:34:13.9690	50	892	0	0
11:34:14.9890	50	954	0	0
11:34:15.9790	52	1395	0	0
11:34:16.9920	52	1324	0	0
11:34:17.9890	51	1005	0	0
11:34:18.9790	51	0	0	0
11:34:19.9690	51	969	0	0
11:34:20.9890	52	1332	0	0
11:34:21.9790	52	1189	0	0
11:34:22.9990	52	0	0	0
11:34:24.0190	52	1321	0	0
11:34:25.0090	51	1327	0	0
11:34:25.9990	51	1192	1165	0
11:34:26.9890	51	0	0	0
11:34:28.0080	51	894	0	0
11:34:28.9690	51	904	0	0
11:34:30.0190	53	1402	0	0
11:34:30.9790	53	0	0	0
11:34:31.9690	53	1322	0	0
11:34:32.9890	52	1050	0	0
11:34:33.9790	52	1469	0	0
11:34:34.9690	52	0	0	0
11:34:35.9890	52	1422	0	0
11:34:36.9790	50	1180	1354	0
11:34:37.9690	50	0	0	0
11:34:38.9930	50	920	0	0
11:34:39.9790	50	0	0	0
11:34:40.9760	51	903	0	0
11:34:41.9890	52	1507	0	0
11:34:42.9790	52	1594	0	0
11:34:43.9690	52	0	0	0
11:34:44.9890	51	1151	0	0
11:34:45.9790	50	1425	0	0
11:34:46.9690	50	1404	0	0
11:34:47.9890	49	1326	0	0
11:34:48.9790	49	0	0	0
11:34:49.9690	49	1037	0	0
11:34:50.9890	49	1336	0	0
11:34:52.0080	49	1393	0	0
11:34:52.9690	49	1174	0	0
11:34:53.9900	49	0	0	0
11:34:54.9810	49	1014	1364	0
11:34:55.9710	49	1350	0	0
11:34:57.0220	49	0	0	0
11:34:58.0120	49	909	0	0
11:34:59.0330	50	850	0	0
11:34:59.9940	51	1426	0	0
11:35:00.9840	51	0	0	0
11:35:01.9740	52	1367	0	0
11:35:03.0150	51	1218	0	0
11:35:03.9860	51	1422	0	0
11:35:04.9760	50	1181	0	0
11:35:05.9960	50	0	0	0
11:35:06.9860	50	1059	0	0
11:35:07.9770	50	1330	0	0
11:35:09.0330	50	1252	0	0
11:35:10.0170	50	1028	0	0
11:35:10.9780	50	1236	0	0
11:35:11.9980	51	884	0	0
11:35:12.9870	51	0	0	0
11:35:13.9780	51	828	0	0
11:35:14.9980	53	1435	0	0
11:35:15.9970	53	1485	0	0
11:35:17.0090	52	1371	0	0
11:35:17.9990	50	1106	0	0
11:35:18.9890	50	0	0	0
11:35:20.0480	50	875	0	0
11:35:20.9990	50	1430	1334	0
11:35:21.9890	50	0	0	0
11:35:22.9790	49	986	0	0
11:35:23.9990	50	907	0	0
11:35:24.9900	50	0	0	0
11:35:25.9800	51	1424	0	0
11:35:27.0000	51	1421	0	0
11:35:27.9890	50	1182	0	0
11:35:28.9800	50	1049	0	0
11:35:30.0300	50	0	0	0
11:35:31.0200	50	1417	0	0
11:35:32.0100	50	1392	0	0
11:35:33.0000	50	1327	0	0
11:35:33.9900	49	1097	0	0
11:35:34.9800	49	1303	0	0
11:35:36.0000	49	0	0	0
11:35:36.9900	49	0	0	0
11:35:37.9800	49	0	0	0
11:35:39.0300	49	0	0	0
11:35:39.9900	49	0	0	0
11:35:40.9810	49	1303	0	0
11:35:42.0010	49	1042	0	0
11:35:42.9910	48	5952	0	0
11:35:43.9810	48	863	0	0
11:35:45.0010	48	0	0	0
11:35:45.9900	48	817	0	0
11:35:46.9810	48	1167	0	0
11:35:48.0290	48	1412	0	0
11:35:48.9900	48	1362	0	0
11:35:49.9810	47	1162	0	0
11:35:51.0090	47	996	0	0
11:35:51.9910	47	0	0	0
11:35:52.9810	48	1021	0	0
11:35:54.0010	49	1209	0	0
11:35:54.9910	50	1131	0	0
11:35:55.9820	50	1065	0	0
11:35:57.0010	50	991	0	0
11:35:57.9900	51	1248	0	0
11:35:58.9810	51	0	0	0
11:36:00.0010	51	1352	0	0
11:36:00.9910	51	1270	0	0
11:36:01.9900	50	1234	0	0
11:36:03.0310	50	931	0	0
11:36:04.0210	50	0	0	0
11:36:05.0110	51	1162	0	0
11:36:06.0010	52	1394	0	0
11:36:07.0020	50	1359	1099	0
11:36:08.0690	50	925	0	0
11:36:09.0010	50	0	0	0
11:36:09.9900	51	821	0	0
11:36:10.9820	53	907	0	0
11:36:12.0010	53	0	0	0
11:36:12.9910	55	1535	0	0
11:36:13.9810	54	1455	0	0
11:36:15.0020	53	1330	0	0
11:36:15.9910	52	1102	0	0
11:36:17.0110	52	901	0	0
11:36:18.1420	53	950	0	0
11:36:19.0200	53	0	0	0
11:36:19.9810	54	1409	0	0
11:36:21.0010	54	1440	0	0
11:36:21.9910	53	1293	0	0
11:36:22.9810	51	1301	728	0
11:36:24.0620	51	0	0	0
11:36:25.0210	50	807	0	0
11:36:25.9800	50	878	0	0
11:36:27.0310	50	1519	0	0
11:36:27.9900	49	1394	0	0
11:36:29.0110	48	1106	0	0
11:36:30.0000	48	983	0	0
11:36:30.9910	49	893	0	0
11:36:31.9810	50	796	0	0
11:36:33.0010	52	761	0	0
11:36:33.9910	55	785	0	0
11:36:34.9810	57	913	0	0
11:36:36.0310	59	1122	0	0
11:36:37.0210	58	1047	887	0
11:36:38.0110	59	911	0	0
11:36:39.0010	59	0	0	0
11:36:39.9910	60	808	0	0
11:36:40.9810	61	810	0	0
11:36:42.0030	63	1499	0	0
11:36:42.9920	66	1348	933	0
11:36:43.9810	66	775	0	0
11:36:45.0010	67	742	0	0
11:36:45.9920	70	730	706	0
11:36:46.9820	72	693	0	0
11:36:48.0230	74	692	674	0
11:36:48.9910	76	675	0	0
11:36:49.9820	77	698	0	0
11:36:51.0010	79	714	756	0
11:36:51.9920	79	849	0	0
11:36:52.9850	79	846	0	0
11:36:54.0010	78	800	0	0
11:36:54.9910	77	1069	0	0
11:36:55.9820	76	919	0	0
11:36:57.0020	75	827	0	0
11:36:57.9910	74	894	844	0
11:36:58.9820	73	808	0	0
11:37:00.0020	73	773	0	0
11:37:00.9910	74	738	720	0
11:37:01.9820	75	705	0	0
11:37:03.0020	76	700	0	0
11:37:03.9910	77	682	0	0
11:37:04.9820	79	695	937	0
11:37:06.0320	78	939	0	0
11:37:06.9920	77	904	0	0
11:37:07.9820	76	762	0	0
11:37:09.0620	75	761	0	0
11:37:10.0220	76	784	0	0
11:37:11.0120	76	1203	0	0
11:37:12.0010	74	1184	0	0
11:37:12.9920	69	1069	0	0
11:37:13.9820	68	814	0	0
11:37:15.0010	68	774	0	0
11:37:15.9910	69	1362	0	0
11:37:16.9810	70	963	0	0
11:37:18.0020	69	833	0	0
11:37:18.9920	69	865	0	0
11:37:19.9810	69	0	0	0
11:37:21.0020	69	1350	0	0
11:37:21.9910	69	1307	0	0
11:37:22.9820	66	1181	1068	0
11:37:24.0020	65	884	0	0
11:37:24.9920	65	0	0	0
11:37:26.0120	64	839	0	0
11:37:27.0320	65	994	0	0
11:37:28.0210	64	1318	1021	0
11:37:28.9810	64	0	0	0
11:37:30.0020	63	837	0	0
11:37:30.9910	63	825	0	0
11:37:31.9810	64	1395	0	0
11:37:33.0320	63	1197	0	0
11:37:33.9920	61	1079	846	0
11:37:34.9820	61	769	0	0
11:37:36.0010	62	723	0	0
11:37:36.9920	64	714	0	0
11:37:37.9820	64	0	0	0
11:37:39.0020	67	872	1245	0
11:37:39.9920	66	1267	0	0
11:37:40.9820	66	0	0	0
11:37:42.0320	64	891	0	0
11:37:43.0220	64	820	0	0
11:37:44.0120	64	1334	1229	0
11:37:45.0020	64	0	0	0
11:37:46.0210	62	874	0	0
11:37:46.9810	62	785	0	0
11:37:48.0020	63	1380	0	0
11:37:48.9910	63	0	0	0
11:37:49.9820	64	1386	0	0
11:37:51.0020	64	1244	0	0
11:37:51.9920	64	1144	0	0
11:37:53.0110	63	1249	0	0
11:37:54.0320	60	864	0	0
11:37:54.9920	60	1070	0	0
11:37:55.9820	60	1260	0	0
11:37:57.0020	60	1152	0	0
11:37:57.9910	60	0	0	0
11:37:58.9810	59	868	0	0
11:38:00.0140	59	1346	0	0
11:38:00.9920	59	1441	0	0
11:38:01.9820	57	1270	0	0
11:38:02.9710	56	1065	0	0
11:38:04.0220	55	838	0	0
11:38:04.9820	55	0	0	0
11:38:06.0020	56	827	0	0
11:38:07.0220	58	1308	0	0
11:38:07.9820	58	1347	0	0
11:38:08.9720	57	1295	0	0
11:38:09.9920	56	959	0	0
11:38:11.0110	55	1294	0	0
11:38:11.9720	55	1253	0	0
11:38:12.9920	55	890	0	0
11:38:14.0110	55	858	0	0
11:38:14.9720	56	1303	0	0
11:38:16.0220	56	0	0	0
11:38:17.0120	56	883	0	0
11:38:17.9720	56	852	0	0
11:38:18.9920	58	1408	0	0
11:38:19.9820	58	1403	0	0
11:38:21.1600	56	1207	0	0
11:38:21.9910	55	1116	0	0
11:38:22.9820	55	828	0	0
11:38:23.9720	56	776	0	0
11:38:25.0220	58	802	0	0
11:38:25.9820	58	0	0	0
11:38:27.0020	60	1371	1286	0
11:38:28.0270	58	1183	0	0
11:38:28.9820	58	0	0	0
11:38:29.9720	56	864	0	0
11:38:30.9910	57	983	0	0
11:38:31.9820	59	1280	0	0
11:38:32.9720	58	1072	0	0
11:38:34.0510	58	1140	0	0
11:38:35.1390	58	0	0	0
11:38:36.0020	57	1298	0	0
11:38:36.9920	56	1198	1216	0
11:38:37.9810	55	1033	0	0
11:38:38.9720	55	826	0	0
11:38:39.9920	56	786	0	0
11:38:40.9810	56	0	0	0
11:38:42.0020	58	885	0	0
11:38:43.0220	59	1346	0	0
11:38:43.9820	59	1246	0	0
11:38:44.9720	57	1172	993	0
11:38:45.9920	57	856	0	0
11:38:46.9820	58	782	0	0
11:38:47.9720	59	773	0	0
11:38:49.0220	59	0	0	0
11:38:50.0120	61	868	0	0
11:38:50.9720	62	1303	0	0
11:38:51.9920	62	1271	0	0
11:38:52.9820	60	1247	0	0
11:38:53.9710	59	1023	0	0
11:38:54.9920	58	953	0	0
11:38:55.9820	59	1105	0	0
11:38:56.9720	59	1188	0	0
11:38:57.9910	58	858	0	0
11:38:58.9820	58	851	0	0
11:38:59.9720	59	1256	0	0
11:39:00.9920	59	1070	0	0
11:39:01.9820	59	0	0	0
11:39:03.0020	59	1163	0	0
11:39:03.9920	58	923	0	0
11:39:05.0120	58	1394	0	0
11:39:05.9720	58	1315	0	0
11:39:06.9920	56	1297	0	0
11:39:07.9820	55	1148	0	0
11:39:08.9720	55	0	0	0
11:39:10.0090	55	848	0	0
11:39:10.9820	55	844	0	0
11:39:11.9720	57	1386	0	0
11:39:12.9920	57	977	0	0
11:39:13.9820	57	1561	0	0
11:39:14.9720	56	1165	0	0
11:39:15.9930	55	1108	0	0
11:39:16.9820	55	895	0	0
11:39:17.9720	57	825	742	0
11:39:18.9920	59	714	0	0
11:39:19.9820	63	709	710	0
11:39:20.9720	66	733	0	0
11:39:22.0220	67	745	0	0
11:39:23.0130	70	755	729	0
11:39:24.0020	71	745	0	0
11:39:24.9920	72	775	0	0
11:39:26.0140	73	847	0	0
11:39:26.9720	73	1178	0	0
11:39:27.9920	72	977	0	0
11:39:28.9820	70	788	753	0
11:39:29.9720	70	0	0	0
11:39:30.9920	70	0	0	0
11:39:31.9820	72	753	753	0
11:39:32.9720	73	2147	0	0
11:39:33.9920	75	704	0	0
11:39:34.9820	77	716	730	0
11:39:35.9720	78	712	0	0
11:39:36.9930	80	690	691	0
11:39:37.9820	81	688	0	0
11:39:38.9720	82	699	0	0
11:39:39.9920	82	769	0	0
11:39:40.9820	82	915	0	0
11:39:41.9730	80	875	921	0
11:39:42.9920	78	811	0	0
11:39:43.9820	77	916	0	0
11:39:44.9810	77	971	0	0
11:39:45.9920	75	817	0	0
11:39:46.9830	74	848	820	0
11:39:47.9720	74	0	0	0
11:39:48.9920	74	766	0	0
11:39:50.0120	75	785	1230	0
11:39:51.0020	73	870	0	0
11:39:51.9920	73	0	0	0
11:39:52.9820	72	867	0	0
11:39:53.9720	71	918	1238	0
11:39:55.0230	70	964	0	0
11:39:56.0120	68	800	0	0
11:39:56.9730	68	760	0	0
11:39:57.9930	69	864	0	0
11:39:58.9820	70	866	854	0
11:39:59.9720	70	853	0	0
11:40:00.9930	70	779	0	0
11:40:01.9820	71	795	779	0
11:40:02.9720	71	788	0	0
11:40:03.9920	72	746	0	0
11:40:04.9820	72	768	0	0
11:40:05.9720	74	770	786	0
11:40:06.9920	74	790	0	0
11:40:07.9820	74	773	0	0
11:40:08.9730	75	745	719	0
11:40:09.9920	76	706	0	0
11:40:10.9820	76	0	0	0
11:40:11.9720	77	723	0	0
11:40:12.9920	77	787	0	0
11:40:13.9820	78	1921	0	0
11:40:14.9730	80	856	924	0
11:40:15.9930	79	827	0	0
11:40:16.9820	77	954	0	0
11:40:17.9720	77	0	0	0
11:40:18.9920	75	916	0	0
11:40:19.9900	72	829	1314	0
11:40:20.9720	71	954	0	0
11:40:21.9920	69	926	0	0
11:40:23.0420	69	0	0	0
11:40:23.9720	69	966	0	0
11:40:24.9920	68	902	1304	0
11:40:25.9820	67	929	0	0
11:40:26.9720	66	930	0	0
11:40:28.0220	66	975	0	0
11:40:29.0120	65	835	0	0
11:40:30.0020	65	782	0	0
11:40:30.9920	66	828	0	0
11:40:31.9820	67	855	0	0
11:40:32.9730	68	1277	0	0
11:40:33.9930	65	984	816	0
11:40:34.9820	66	751	0	0
11:40:35.9720	67	727	0	0
11:40:37.0220	68	745	0	0
11:40:37.9830	71	1274	0	0
11:40:38.9730	73	974	0	0
11:40:39.9930	72	802	744	0
11:40:40.9830	73	707	0	0
11:40:41.9720	75	677	0	0
11:40:42.9920	76	672	0	0
11:40:44.0210	78	729	0	0
11:40:44.9720	80	1238	0	0
11:40:45.9930	82	1163	0	0
11:40:46.9820	82	896	0	0
11:40:48.0030	80	852	0	0
11:40:48.9920	80	0	0	0
11:40:49.9820	78	1166	0	0
11:40:51.0020	77	1258	0	0
11:40:51.9920	77	0	0	0
11:40:52.9820	77	0	0	0
11:40:53.9720	67	1305	1254	0
11:40:54.9920	65	2775	0	0
11:40:55.9820	65	0	0	0
11:40:56.9720	65	775	0	0
11:40:57.9920	65	823	0	0
11:40:58.9820	66	1383	0	0
11:40:59.9730	65	1105	1105	0
11:41:01.0230	63	923	0	0
11:41:02.0120	62	802	0	0
11:41:02.9720	63	807	0	0
11:41:03.9920	63	0	0	0
11:41:05.0130	64	865	0	0
11:41:05.9730	65	1223	0	0
11:41:06.9930	64	1348	0	0
11:41:07.9830	63	902	0	0
11:41:08.9820	62	1007	1155	0
11:41:09.9930	61	871	0	0
11:41:10.9830	61	784	0	0
11:41:12.0020	62	766	0	0
11:41:12.9920	64	777	0	0
11:41:13.9820	67	1313	0	0
11:41:15.0030	69	994	0	0
11:41:16.0220	69	908	0	0
11:41:16.9830	68	964	0	0
11:41:17.9730	67	1031	0	0
11:41:19.0030	66	812	0	0
11:41:19.9820	66	813	0	0
11:41:20.9720	67	820	0	0
11:41:21.9930	68	1336	819	0
11:41:22.9820	69	792	0	0
11:41:23.9720	70	821	0	0
11:41:24.9920	70	0	0	0
11:41:25.9820	70	995	954	0
11:41:26.9730	69	1218	0	0
11:41:28.0220	67	931	0	0
11:41:28.9830	66	802	0	0
11:41:29.9730	67	780	0	0
11:41:30.9920	68	816	0	0
11:41:31.9830	68	0	0	0
11:41:33.0330	68	1345	0	0
11:41:34.0220	67	1209	0	0
11:41:35.0130	64	1122	1109	0
11:41:35.9730	63	882	0	0
11:41:36.9930	63	813	0	0
11:41:37.9830	64	753	0	0
11:41:38.9730	65	746	0	0
11:41:40.0010	68	1302	0	0
11:41:40.9830	70	819	0	0
11:41:41.9730	71	785	0	0
11:41:42.9930	71	0	0	0
11:41:43.9830	72	1315	0	0
11:41:44.9730	72	1287	0	0
11:41:45.9930	71	1303	952	0
11:41:47.0130	70	868	0	0
11:41:47.9730	70	809	0	0
11:41:48.9930	70	763	0	0
11:41:49.9830	70	864	0	0
11:41:50.9730	70	0	0	0
11:41:51.9930	71	1503	0	0
11:41:52.9820	69	1007	0	0
11:41:54.0110	67	1301	0	0
11:41:54.9930	64	1214	878	0
11:41:55.9830	63	768	0	0
11:41:56.9730	64	743	0	0
11:41:57.9930	67	739	734	0
11:41:58.9830	69	723	0	0
11:41:59.9730	70	756	0	0
11:42:01.0010	71	852	0	0
11:42:01.9830	71	935	808	0
11:42:02.9730	71	0	0	0
11:42:03.9930	72	756	772	0
11:42:05.0820	72	0	0	0
11:42:05.9730	72	1203	0	0
11:42:07.0230	71	868	0	0
11:42:08.0130	66	1307	923	0
11:42:09.0030	65	837	0	0
11:42:10.0530	65	826	0	0
11:42:10.9840	66	901	0	0
11:42:11.9720	66	0	0	0
11:42:13.0830	66	1063	0	0
11:42:13.9830	66	912	0	0
11:42:14.9730	65	1483	0	0
11:42:16.0230	64	957	0	0
11:42:16.9830	63	934	0	0
11:42:17.9730	63	1434	0	0
11:42:19.0230	62	1162	0	0
11:42:19.9830	60	829	0	0
11:42:20.9720	61	784	0	0
11:42:21.9930	62	828	0	0
11:42:23.0130	63	1343	0	0
11:42:23.9730	63	0	0	0
11:42:24.9930	63	887	0	0
11:42:25.9830	62	1496	0	0
11:42:26.9730	61	1272	0	0
11:42:27.9940	59	1196	0	0
11:42:29.0230	58	1279	0	0
11:42:30.0030	57	1001	0	0
11:42:31.0230	57	1030	0	0
11:42:31.9830	58	834	825	0
11:42:33.0330	59	838	0	0
11:42:34.0530	61	800	0	0
11:42:34.9830	61	0	0	0
11:42:36.0330	62	785	0	0
11:42:36.9930	63	1049	0	0
11:42:37.9830	64	1299	0	0
11:42:38.9730	62	1178	0	0
11:42:40.0230	61	921	0	0
11:42:41.0130	61	983	1094	0
11:42:41.9740	61	824	0	0
11:42:42.9930	61	755	0	0
11:42:43.9830	63	749	0	0
11:42:44.9730	64	770	0	0
11:42:45.9930	66	1096	0	0
11:42:46.9830	66	854	0	0
11:42:47.9730	65	1434	0	0
11:42:48.9930	65	1117	0	0
11:42:49.9830	63	822	0	0
11:42:50.9730	64	792	823	0
11:42:51.9930	65	877	0	0
11:42:52.9830	66	811	0	0
11:42:53.9730	66	803	0	0
11:42:55.0530	67	771	0	0
11:42:55.9830	68	745	0	0
11:42:56.9730	70	1312	0	0
11:42:58.0530	72	830	0	0
11:42:59.0430	72	996	0	0
11:42:59.9730	71	1203	0	0
11:43:00.9930	70	878	0	0
11:43:01.9840	70	1282	0	0
11:43:02.9730	70	0	0	0
11:43:03.9930	68	928	0	0
11:43:04.9830	67	873	0	0
11:43:05.9730	67	1433	0	0
11:43:06.9930	66	1238	0	0
11:43:07.9830	64	1241	0	0
11:43:08.9730	62	1255	0	0
11:43:09.9930	61	882	0	0
11:43:10.9910	61	0	0	0
11:43:11.9730	61	797	0	0
11:43:13.0230	62	1453	0	0
11:43:14.0430	63	1118	0	0
11:43:15.0030	63	1238	0	0
11:43:15.9930	60	1422	0	0
11:43:16.9830	60	0	0	0
11:43:18.0030	59	1041	0	0
11:43:19.0230	59	1071	0	0
11:43:19.9830	59	1335	0	0
11:43:21.0030	58	924	0	0
11:43:21.9930	58	0	0	0
11:43:22.9830	58	1311	0	0
11:43:23.9730	57	1371	0	0
11:43:24.9940	56	1242	0	0
11:43:25.9950	55	1319	0	0
11:43:26.9730	54	1032	0	0
11:43:28.0230	54	980	0	0
11:43:29.0130	55	1354	0	0
11:43:29.9730	54	1226	0	0
11:43:30.9930	54	883	0	0
11:43:32.0130	54	796	0	0
11:43:32.9830	58	822	954	0
11:43:33.9930	59	791	0	0
11:43:35.0130	60	762	0	0
11:43:35.9730	62	272	0	0
11:43:37.0230	61	925	1127	0
11:43:37.9830	61	798	0	0
11:43:38.9820	61	745	0	0
11:43:39.9630	63	796	0	0
11:43:40.9830	63	0	0	0
11:43:42.0330	64	1228	0	0
11:43:42.9630	64	1181	0	0
11:43:43.9840	63	1229	0	0
11:43:45.0340	61	1175	0	0
11:43:46.0300	60	962	0	0
11:43:47.0440	60	0	0	0
11:43:47.9810	60	1229	0	0
11:43:49.0090	59	1305	0	0
11:43:50.0780	58	1354	0	0
11:43:50.9920	58	0	0	0
11:43:51.9680	57	1330	0	0
11:43:53.0560	56	1170	0	0
11:43:54.0060	55	1317	0	0
11:43:54.9620	54	1258	0	0
11:43:55.9890	54	928	0	0
11:43:57.0550	54	0	0	0
11:43:58.2060	54	1299	0	0
11:43:59.0050	54	1373	0	0
11:43:59.9740	53	1244	0	0
11:44:00.9630	52	918	0	0
11:44:01.9840	53	1063	0	0
11:44:02.9740	54	1268	0	0
11:44:03.9630	54	948	883	0
11:44:04.9830	55	907	0	0
11:44:05.9730	55	0	0	0
11:44:06.9930	56	829	0	0
11:44:07.9830	57	969	0	0
11:44:08.9740	58	1466	0	0
11:44:09.9640	58	1248	0	0
11:44:10.9830	56	1199	0	0
11:44:12.0030	56	1003	0	0
11:44:12.9630	56	0	0	0
11:44:13.9830	56	817	0	0
11:44:14.9730	57	961	0	0
11:44:15.9640	58	1422	0	0
11:44:16.9830	57	1256	0	0
11:44:17.9730	56	903	0	0
11:44:19.0240	56	826	0	0
11:44:20.0140	57	1092	0	0
11:44:20.9730	58	1451	0	0
11:44:21.9640	57	1282	0	0
11:44:22.9830	56	1110	0	0
11:44:23.9730	55	905	0	0
11:44:24.9630	57	831	795	0
11:44:25.9830	57	0	0	0
11:44:26.9740	59	748	0	0
11:44:27.9630	63	744	1258	0
11:44:28.9830	63	0	0	0
11:44:29.9740	63	835	0	0
11:44:30.9630	64	771	0	0
11:44:31.9830	65	1351	0	0
11:44:32.9730	67	1289	0	0
11:44:33.9630	67	857	0	0
11:44:34.9830	67	811	0	0
11:44:35.9730	68	833	0	0
11:44:36.9640	69	1322	0	0
11:44:37.9840	66	1252	1080	0
11:44:38.9730	66	0	0	0
11:44:39.9630	66	0	0	0
11:44:40.9830	66	0	0	0
11:44:41.9730	66	0	0	0
11:44:42.9630	64	946	0	0
11:44:43.9840	61	278	5065	0
11:44:44.9730	61	0	0	0
11:44:45.9630	61	0	0	0
11:44:47.0130	61	0	0	0
11:44:47.9740	61	0	0	0
11:44:48.9630	61	0	0	0
11:44:49.9830	61	0	0	0
11:44:50.9730	61	0	0	0
11:44:51.9640	58	ERROR
11:44:53.0140	57	527	301	571
11:44:53.9740	56	449	269	0
11:44:54.9640	56	418	272	0
11:44:55.9830	56	332	480	0
11:44:56.9740	56	389	480	421
11:44:57.9640	56	448	0	0
11:44:58.9840	59	420	450	450
11:44:59.9730	65	421	420	0
11:45:00.9630	94	449	420	479
11:45:02.0140	94	391	0	0
11:45:02.9730	94	540	359	0
11:45:03.9630	94	870	0	0
11:45:04.9840	94	598	723	421
11:45:05.9730	94	449	423	0
11:45:06.9640	96	478	389	0
11:45:07.9840	96	480	420	0
11:45:08.9740	97	449	448	0
11:45:09.9630	99	421	869	0
11:45:10.9840	100	421	480	0
11:45:11.9740	101	419	451	390
11:45:12.9640	102	480	390	480
11:45:13.9830	102	419	0	0
11:45:14.9740	102	450	423	0
11:45:15.9640	104	446	423	447
11:45:16.9840	123	420	451	0
11:45:17.9740	131	420	480	0
11:45:18.9640	134	390	478	0
11:45:19.9840	136	419	453	421
11:45:20.9740	136	451	0	0
11:45:21.9640	137	420	0	0
11:45:22.9840	136	451	871	900
11:45:23.9740	135	390	479	418
11:45:24.9640	134	450	0	0
11:45:26.0140	136	419	450	871
11:45:26.9740	137	420	449	0
11:45:27.9640	137	421	0	0
11:45:28.9840	136	480	0	0
11:45:29.9740	135	389	898	567
11:45:30.9640	134	303	449	421
11:45:31.9840	135	451	0	0
11:45:32.9740	136	452	420	421
11:45:33.9640	138	481	388	0
11:45:34.9840	140	541	330	0
11:45:35.9740	140	509	0	0
11:45:36.9640	142	ERROR
11:45:37.9840	142	258	610	0
11:45:38.9740	142	392	0	0
11:45:39.9640	143	478	483	389
11:45:40.9840	143	479	421	0
11:45:41.9740	143	480	392	0
11:45:42.9640	143	448	482	0
11:45:43.9840	142	ERROR
11:45:45.0040	142	320	0	0
11:45:45.9640	141	1028	417	0
11:45:46.9840	140	452	418	0
11:45:47.9740	140	449	422	0
11:45:48.9640	139	447	0	0
11:45:49.9840	137	871	536	366
11:45:50.9740	136	389	263	0
11:45:51.9640	135	638	450	0
11:45:52.9840	135	452	419	420
11:45:53.9740	137	451	420	0
11:45:54.9640	137	449	420	0
11:45:55.9840	136	480	389	479
11:45:56.9740	135	296	0	0
11:45:57.9640	134	573	479	390
11:45:59.0140	136	420	446	426
11:45:59.9740	136	448	420	0
11:46:00.9640	139	450	270	505
11:46:01.9840	140	511	0	0
11:46:02.9740	139	485	418	449
11:46:03.9640	138	419	0	0
11:46:04.9840	139	449	806	0
11:46:05.9740	140	488	0	0
11:46:06.9640	141	868	481	0
11:46:07.9840	142	389	297	510
11:46:08.9740	143	545	481	0
11:46:09.9640	143	386	0	0
11:46:10.9840	143	423	869	0
11:46:11.9740	143	450	419	0
11:46:12.9940	143	871	481	449
11:46:13.9840	141	420	421	0
11:46:14.9740	142	339	0	0
11:46:15.9640	142	561	839	0
11:46:16.9840	142	624	0	0
11:46:17.9740	142	726	0	0
11:46:18.9640	143	390	480	869
11:46:19.9840	143	482	420	0
11:46:20.9740	143	391	449	0
11:46:21.9640	142	420	449	420
11:46:22.9840	138	481	421	450
11:46:23.9740	137	389	0	0
11:46:24.9640	136	510	0	0
11:46:25.9840	135	390	481	839
11:46:26.9740	135	421	712	0
11:46:27.9640	134	503	0	0
11:46:28.9840	134	1008	388	481
11:46:29.9740	134	420	0	0
11:46:30.9640	134	450	450	0
11:46:32.0140	135	420	451	0
11:46:32.9740	137	419	421	448
11:46:33.9720	137	420	0	0
11:46:34.9840	136	480	389	0
11:46:35.9740	135	899	450	420
11:46:36.9940	135	0	0	0
11:46:37.9840	135	ERROR
11:46:39.0040	135	266	0	0
11:46:39.9640	134	604	479	418
11:46:40.9840	134	0	0	0
11:46:41.9740	135	452	419	870
11:46:42.9640	136	479	0	0
11:46:43.9840	138	839	0	0
11:46:44.9740	140	420	898	453
11:46:45.9940	141	390	0	0
11:46:46.9840	142	416	1264	0
11:46:47.9740	142	541	0	0
11:46:48.9640	142	420	450	0
11:46:49.9840	139	ERROR
11:46:51.0040	138	546	0	0
11:46:51.9640	136	899	451	0
11:46:52.9840	138	419	449	259
11:46:53.9740	139	506	0	0
11:46:54.9650	140	976	420	0
11:46:55.9850	141	481	0	0
11:46:56.9740	142	391	263	636
11:46:58.0030	142	450	449	0
11:46:58.9840	141	422	419	0
11:46:59.9740	141	449	421	0
11:47:00.9640	138	448	452	450
11:47:01.9840	136	389	479	420
11:47:02.9740	135	479	0	0
11:47:03.9650	134	390	449	0
11:47:05.0740	134	481	840	0
11:47:05.9750	133	451	419	511
11:47:06.9640	133	330	481	0
11:47:07.9840	133	420	0	0
11:47:08.9740	133	871	449	421
11:47:09.9940	135	448	422	0
11:47:10.9840	135	446	0	0
11:47:12.0040	136	871	420	0
11:47:12.9640	137	480	510	0
11:47:14.0140	137	359	0	0
11:47:14.9740	137	420	449	0
11:47:15.9640	137	1288	482	0
11:47:16.9850	137	389	0	0
11:47:17.9740	138	ERROR
11:47:18.9940	138	420	0	0
11:47:19.9840	138	450	0	0
11:47:20.9740	137	421	448	0
11:47:21.9650	140	ERROR
11:47:22.9850	141	510	0	0
11:47:23.9740	141	508	0	0
11:47:24.9640	141	492	447	0
11:47:25.9840	140	420	1161	0
11:47:26.9740	140	609	0	0
11:47:27.9640	139	421	419	0
11:47:28.9850	139	870	480	0
11:47:29.9740	139	390	479	0
11:47:30.9640	139	420	446	0
11:47:32.0150	138	423	449	449
11:47:33.0130	137	419	0	0
11:47:34.0240	139	421	479	0
11:47:35.0150	141	870	389	541
11:47:35.9740	141	358	0	0
11:47:36.9640	142	870	0	0
11:47:38.0150	142	480	839	0
11:47:39.0040	143	420	450	0
11:47:40.0850	141	419	873	358
11:47:40.9840	142	541	0	0
11:47:41.9740	142	447	422	479
11:47:42.9650	143	390	306	0
11:47:43.9840	143	564	481	389
11:47:44.9750	143	481	0	0
11:47:45.9650	143	389	481	420
11:47:46.9840	142	450	421	0
11:47:47.9740	141	868	0	0
11:47:48.9640	140	449	450	0
11:47:49.9850	139	421	418	481
11:47:50.9750	141	389	480	0
11:47:51.9940	141	420	450	0
11:47:52.9850	140	420	449	421
11:47:54.0040	139	450	420	0
11:47:54.9640	137	567	335	0
11:47:56.0140	136	451	0	0
11:47:56.9750	135	ERROR
11:47:57.9640	135	0	0	0
11:47:58.9850	134	479	837	0
11:47:59.9750	134	423	450	452
11:48:00.9950	134	419	420	0
11:48:01.9840	139	481	390	276
11:48:02.9750	140	503	505	0
11:48:03.9640	140	489	0	0
11:48:04.9850	140	445	869	0
11:48:05.9750	139	420	450	0
11:48:06.9650	136	ERROR
11:48:07.9920	135	420	0	0
11:48:08.9740	135	450	420	0
11:48:09.9650	135	449	0	0
11:48:11.0450	135	451	452	838
11:48:12.0040	134	419	482	449
11:48:13.0240	134	300	0	0
11:48:13.9840	134	992	419	0
11:48:14.9750	133	479	390	480
11:48:15.9640	133	265	0	0
11:48:16.9840	133	575	479	0
11:48:17.9740	133	421	389	0
11:48:18.9650	133	871	480	0
11:48:19.9840	133	420	449	0
11:48:20.9750	133	869	451	420
11:48:21.9940	136	420	306	0
11:48:22.9840	137	563	0	0
11:48:23.9740	139	481	476	0
11:48:24.9650	140	ERROR
11:48:25.9850	140	0	0	0
11:48:27.0050	140	449	872	0
11:48:27.9650	138	ERROR
11:48:29.0150	137	266	0	0
11:48:30.0350	136	604	449	0
11:48:30.9650	135	453	388	449
11:48:31.9840	134	421	0	0
11:48:33.0130	136	447	872	419
11:48:33.9650	136	482	566	0
11:48:34.9840	137	304	0	0
11:48:35.9740	137	420	450	872
11:48:36.9650	137	421	450	0
11:48:37.9850	137	419	448	0
11:48:39.0050	137	422	480	0
11:48:39.9650	135	389	511	389
11:48:40.9850	135	450	420	0
11:48:41.9750	137	450	540	0
11:48:42.9720	139	360	420	0
11:48:44.0150	140	509	360	0
11:48:45.0050	142	421	510	689
11:48:45.9650	142	509	0	0
11:48:46.9850	142	933	421	0
11:48:48.0050	142	510	421	0
11:48:48.9650	143	388	355	0
11:48:49.9850	143	511	424	0
11:48:50.9750	143	480	420	0
11:48:51.9650	142	450	421	0
11:48:52.9850	140	448	871	0
11:48:53.9750	139	448	419	0
11:48:54.9650	140	420	450	0
11:48:55.9850	136	ERROR
11:48:56.9750	136	420	0	0
11:48:57.9650	135	871	449	0
11:48:58.9850	135	331	0	0
11:48:59.9750	134	538	420	450
11:49:00.9650	134	420	511	0
11:49:01.9850	134	359	480	0
11:49:02.9750	133	389	510	392
11:49:03.9950	133	450	0	0
11:49:05.0150	133	448	480	0
11:49:05.9750	134	840	420	0
11:49:06.9650	137	ERROR
11:49:07.9850	139	274	507	0
11:49:08.9750	140	507	543	0
11:49:09.9650	140	389	421	449
11:49:10.9850	138	418	307	0
11:49:11.9750	137	502	543	0
11:49:12.9650	136	391	0	0
11:49:13.9850	135	ERROR
11:49:15.0050	135	0	0	0
11:49:15.9650	137	450	422	868
11:49:17.0150	137	450	480	0
11:49:17.9850	136	420	390	0
11:49:18.9650	134	481	423	476
11:49:19.9550	134	392	480	391
11:49:20.9750	134	291	0	0
11:49:21.9650	133	577	451	418
11:49:22.9550	133	480	0	0
11:49:23.9750	133	419	450	390
11:49:24.9950	133	480	420	0
11:49:25.9550	133	479	390	449
11:49:26.9750	134	451	420	451
11:49:27.9950	135	420	0	0
11:49:28.9550	137	418	543	0
11:49:29.9750	140	390	420	449
11:49:30.9950	140	712	0	0
11:49:31.9550	141	578	423	0
11:49:32.9750	142	478	389	0
11:49:33.9650	142	450	420	511
11:49:34.9860	143	295	546	0
11:49:35.9750	143	869	0	0
11:49:36.9650	143	421	448	0
11:49:37.9550	141	421	448	0
11:49:38.9750	139	420	481	0
11:49:39.9650	137	869	869	0
11:49:40.9550	136	420	510	0
11:49:41.9750	136	360	0	0
11:49:42.9650	135	450	868	421
11:49:43.9550	135	451	0	0
11:49:44.9760	134	ERROR
11:49:45.9740	134	511	0	0
11:49:46.9550	133	480	422	0
11:49:47.9750	133	774	0	0
11:49:49.0250	133	964	450	0
11:49:49.9550	134	420	450	0
11:49:50.9750	135	481	419	0
11:49:51.9650	134	390	481	0
11:49:52.9640	134	417	602	477
11:49:54.0050	134	506	0	0
11:49:54.9650	134	604	0	0
11:49:55.9550	133	1290	481	420
11:49:56.9750	133	450	0	0
11:49:57.9650	133	420	0	0
11:49:58.9550	135	449	450	871
11:50:00.0050	136	421	422	0
11:50:00.9650	138	292	608	0
11:50:01.9550	140	479	358	0
11:50:02.9750	141	512	421	421
11:50:03.9650	142	420	447	0
11:50:04.9550	139	422	480	389
11:50:05.9750	137	450	419	481
11:50:06.9650	136	389	357	0
11:50:08.0750	135	510	485	0
11:50:09.0050	135	418	449	0
11:50:09.9650	136	419	449	450
11:50:11.0150	135	417	0	0
11:50:11.9760	138	423	512	0
11:50:12.9650	141	418	480	329
11:50:13.9630	142	480	420	0
11:50:14.9750	143	537	332	0
11:50:15.9650	143	450	421	449
11:50:17.0450	143	600	271	0
11:50:17.9750	143	361	0	0
11:50:18.9950	143	930	480	0
11:50:19.9850	140	449	480	390
11:50:20.9860	139	421	450	0
11:50:21.9650	139	419	421	0
11:50:22.9550	140	510	360	0
11:50:24.0130	142	510	392	449
11:50:24.9650	142	417	0	0
11:50:25.9550	141	453	420	0
11:50:26.9750	141	871	538	392
