10:46:31.8580	57	1005	0	0
10:46:32.8770	56	1295	0	0
10:46:33.8680	56	1240	0	0
10:46:34.8880	55	868	0	0
10:46:35.9080	55	1386	0	0
10:46:36.8980	55	0	0	0
10:46:37.8590	56	1314	0	0
10:46:38.8480	54	1145	1294	0
10:46:39.8670	53	896	0	0
10:46:40.8580	53	0	0	0
10:46:41.8480	54	795	0	0
10:46:42.8680	56	814	0	0
10:46:43.8670	56	0	0	0
10:46:44.8480	58	1574	0	0
10:46:45.8680	58	1417	0	0
10:46:46.8580	56	1291	0	0
10:46:47.8480	54	1086	0	0
10:46:48.8730	53	1047	0	0
10:46:49.8580	54	1174	0	0
10:46:50.8480	54	881	0	0
10:46:51.8690	54	938	0	0
10:46:52.8580	56	1335	0	0
10:46:53.8490	56	0	0	0
10:46:54.8680	55	1276	0	0
10:46:55.8590	55	1144	0	0
10:46:56.8480	54	1221	0	0
10:46:57.8680	54	1215	0	0
10:46:58.8590	53	876	0	0
10:46:59.8480	54	842	0	0
10:47:00.8690	55	1394	0	0
10:47:01.8590	56	1252	0	0
10:47:02.8480	55	1205	0	0
10:47:03.8690	55	0	0	0
10:47:04.8580	54	879	0	0
10:47:05.8490	56	920	1396	0
10:47:06.8680	56	896	0	0
10:47:07.9050	56	767	0	0
10:47:08.8790	57	739	0	0
10:47:09.8680	59	736	0	0
10:47:10.8590	62	1464	0	0
10:47:11.8480	65	831	751	0
10:47:12.8690	66	737	0	0
10:47:13.8590	69	790	791	0
10:47:14.8780	70	502	0	0
10:47:15.8690	71	317	0	0
10:47:16.8580	72	935	0	0
10:47:17.8490	73	1102	0	0
10:47:18.8680	73	1124	0	0
10:47:19.8590	73	1063	0	0
10:47:20.8490	72	804	0	0
10:47:21.8680	72	758	0	0
10:47:22.8590	73	797	0	0
10:47:23.8490	73	1179	0	0
10:47:24.8690	72	980	0	0
10:47:25.8590	71	911	0	0
10:47:26.8490	70	1039	0	0
10:47:27.8690	69	908	0	0
10:47:28.9050	68	1310	0	0
10:47:29.8490	67	1182	0	0
10:47:30.8990	65	1056	0	0
10:47:31.8590	64	874	0	0
10:47:32.8480	64	915	902	0
10:47:33.8680	64	0	0	0
10:47:34.8590	64	806	0	0
10:47:35.8780	65	795	0	0
10:47:36.8690	67	1485	0	0
10:47:37.8590	68	1357	0	0
10:47:38.8490	69	1113	0	0
10:47:39.8680	67	854	0	0
10:47:40.8590	67	0	0	0
10:47:41.8780	66	886	0	0
10:47:42.9140	67	1351	0	0
10:47:43.8580	66	1296	0	0
10:47:44.8490	64	1257	0	0
10:47:45.8690	62	984	0	0
10:47:46.8590	61	889	0	0
10:47:47.8490	61	837	0	0
10:47:48.8690	61	0	0	0
10:47:49.8580	63	1448	0	0
10:47:50.8490	64	1312	0	0
10:47:51.8690	64	1340	0	0
10:47:52.8760	63	1224	0	0
10:47:53.8480	62	991	0	0
10:47:54.8680	61	887	850	0
10:47:55.8590	62	797	0	0
10:47:56.8480	62	0	0	0
10:47:57.8690	63	776	0	0
10:47:58.8580	64	846	0	0
10:47:59.8480	67	1626	0	0
10:48:00.8690	67	0	0	0
10:48:03.0900	69	1408	0	0
10:48:03.0930	69	1301	0	0
10:48:03.8690	67	1132	1039	0
10:48:04.8610	65	930	0	0
10:48:05.8640	64	817	0	0
10:48:06.8690	64	0	0	0
10:48:07.8590	65	867	0	0
10:48:08.8490	65	1069	0	0
10:48:09.8690	65	1729	0	0
10:48:10.8710	65	0	0	0
10:48:11.8490	63	823	0	0
10:48:12.8690	62	1331	0	0
10:48:13.8590	61	1321	0	0
10:48:14.8790	57	1221	910	0
10:48:15.8690	57	884	0	0
10:48:16.8600	58	815	0	0
10:48:17.8880	61	744	720	0
10:48:18.8690	63	720	0	0
10:48:19.8590	65	722	0	0
10:48:20.8490	68	775	770	0
10:48:21.8690	69	868	0	0
10:48:22.8590	70	823	0	0
10:48:23.8490	70	844	0	0
10:48:24.8690	70	838	0	0
10:48:25.8590	70	795	0	0
10:48:26.8490	71	832	0	0
10:48:27.8690	71	1220	0	0
10:48:28.8590	70	1216	0	0
10:48:29.8490	68	1074	0	0
10:48:30.8690	66	1118	0	0
10:48:31.8590	65	1012	0	0
10:48:32.8490	64	943	0	0
10:48:33.8690	64	948	0	0
10:48:34.8590	64	1034	0	0
10:48:35.8490	64	1028	0	0
10:48:36.8690	63	806	0	0
10:48:37.8590	63	1050	0	0
10:48:38.8490	64	839	0	0
10:48:39.8690	64	877	0	0
10:48:40.8590	64	889	0	0
10:48:41.8490	65	979	0	0
10:48:42.8690	65	1415	0	0
10:48:43.8590	63	1010	0	0
10:48:44.8490	62	810	0	0
10:48:45.8690	63	778	0	0
10:48:46.8590	64	837	0	0
10:48:47.8790	70	1563	477	1347
10:48:48.8690	72	351	0	0
10:48:49.8590	72	0	0	0
10:48:50.8490	72	0	0	0
10:48:51.8690	72	0	0	0
10:48:52.8590	73	422	0	0
10:48:53.8490	74	2479	0	0
10:48:54.8690	74	1363	0	0
10:48:55.8590	75	1382	0	0
10:48:56.8490	75	1318	0	0
10:48:57.8690	74	1049	0	0
10:48:58.8600	74	0	0	0
10:48:59.8490	74	873	0	0
10:49:00.8690	73	1000	0	0
10:49:01.8590	72	1300	0	0
10:49:02.8490	69	1313	0	0
10:49:03.8690	66	1229	0	0
10:49:04.8600	65	892	0	0
10:49:05.8500	64	823	0	0
10:49:06.8690	64	0	0	0
10:49:07.8590	65	842	0	0
10:49:08.8490	66	1579	0	0
10:49:09.8990	68	1537	0	0
10:49:10.8590	68	0	0	0
10:49:11.8490	68	1287	0	0
10:49:12.8690	67	1312	0	0
10:49:13.8590	67	1135	0	0
10:49:14.8790	65	1028	0	0
10:49:15.8690	64	998	0	0
10:49:16.9060	64	1197	0	0
10:49:17.8490	63	1228	0	0
10:49:18.8700	61	970	896	0
10:49:19.8590	61	792	0	0
10:49:20.8800	61	0	0	0
10:49:21.8690	62	764	0	0
10:49:22.8600	64	763	0	0
10:49:23.8790	64	0	0	0
10:49:24.8690	67	1564	0	0
10:49:25.8600	69	1529	0	0
10:49:26.8500	70	1261	0	0
10:49:27.8700	69	1144	0	0
10:49:28.8600	69	981	0	0
10:49:29.8490	69	0	0	0
10:49:30.8690	69	0	0	0
10:49:31.8600	68	826	0	0
10:49:32.8500	69	1320	3560	0
10:49:33.8690	70	557	0	0
10:49:34.8590	70	0	0	0
10:49:35.8490	70	0	0	0
10:49:36.8700	70	0	0	0
10:49:37.8600	70	1490	0	0
10:49:38.8500	71	2717	750	0
10:49:39.8700	71	734	0	0
10:49:40.8600	73	736	0	0
10:49:41.8500	74	780	0	0
10:49:42.8700	74	0	0	0
10:49:43.8600	75	826	0	0
10:49:44.8490	75	1319	0	0
10:49:45.8700	68	1230	1110	0
10:49:46.8590	66	965	0	0
10:49:47.8500	65	838	0	0
10:49:48.8700	66	781	0	0
10:49:49.8600	66	832	0	0
10:49:50.8500	67	998	0	0
10:49:51.8850	67	965	828	0
10:49:52.8600	67	784	0	0
10:49:53.8800	67	766	0	0
10:49:54.8700	68	759	0	0
10:49:55.8600	68	0	0	0
10:49:56.8500	69	788	0	0
10:49:57.8700	71	1439	0	0
10:49:58.8600	73	1291	0	0
10:49:59.8500	73	1215	0	0
10:50:00.8700	73	997	0	0
10:50:01.8600	71	1039	0	0
10:50:02.8500	69	1215	0	0
10:50:03.8700	67	925	0	0
10:50:04.8600	66	822	0	0
10:50:05.8650	67	788	0	0
10:50:06.8700	67	1051	0	0
10:50:07.8600	67	0	0	0
10:50:08.9100	65	1454	1234	0
10:50:09.8700	65	0	0	0
10:50:10.8600	63	1118	0	0
10:50:11.8500	62	935	0	0
10:50:12.8700	62	1376	0	0
10:50:13.8600	61	1234	0	0
10:50:14.8500	60	1164	0	0
10:50:15.8860	59	869	825	0
10:50:16.8600	59	0	0	0
10:50:17.8500	60	775	0	0
10:50:18.8700	62	762	0	0
10:50:19.8600	62	0	0	0
10:50:20.8500	65	1601	0	0
10:50:21.8700	67	1407	0	0
10:50:22.8760	67	1224	1146	0
10:50:23.8500	66	877	0	0
10:50:24.8700	65	771	0	0
10:50:25.8600	66	752	0	0
10:50:26.8800	68	766	771	0
10:50:27.8700	68	0	0	0
10:50:28.8600	69	751	0	0
10:50:29.8800	70	834	0	0
10:50:30.8700	71	1409	0	0
10:50:31.8600	71	0	0	0
10:50:32.8500	69	1323	0	0
10:50:33.8700	67	1229	0	0
10:50:34.8610	65	1169	0	0
10:50:35.8500	64	1225	0	0
10:50:36.8700	62	1194	0	0
10:50:37.8600	61	1175	0	0
10:50:38.8500	60	1110	0	0
10:50:39.8700	59	1142	0	0
10:50:40.8600	59	869	0	0
10:50:41.8500	60	832	816	0
10:50:42.8700	60	0	0	0
10:50:43.8600	61	788	0	0
10:50:44.8500	63	777	0	0
10:50:45.8700	65	1456	0	0
10:50:46.8600	67	1373	0	0
10:50:47.8500	68	1207	0	0
10:50:48.8700	68	969	0	0
10:50:49.8600	67	942	0	0
10:50:50.8660	67	0	0	0
10:50:51.8700	66	972	979	0
10:50:52.8600	65	1298	0	0
10:50:53.8500	64	845	0	0
10:50:54.8700	64	0	0	0
10:50:55.8600	64	800	0	0
10:50:56.8500	65	889	0	0
10:50:57.9000	65	1373	0	0
10:50:58.8600	64	1335	0	0
10:50:59.8800	62	977	0	0
10:51:00.8740	61	989	0	0
10:51:01.8610	61	1037	0	0
10:51:02.8510	61	956	1074	0
10:51:03.8700	61	823	0	0
10:51:04.8610	61	758	0	0
10:51:05.8500	64	739	740	0
10:51:06.8710	66	749	0	0
10:51:07.8600	68	730	0	0
10:51:08.8500	69	762	0	0
10:51:09.8700	72	1294	0	0
10:51:10.8600	72	0	0	0
10:51:11.8500	74	861	0	0
10:51:12.8700	74	1065	0	0
10:51:13.8600	73	1286	0	0
10:51:14.8500	73	1279	0	0
10:51:15.8700	73	1228	0	0
10:51:16.8600	73	0	0	0
10:51:17.8510	70	1158	0	0
10:51:18.8700	68	1116	0	0
10:51:19.8600	66	1203	0	0
10:51:20.8510	65	991	0	0
10:51:21.8700	64	1169	0	0
10:51:22.8600	63	1271	0	0
10:51:23.8510	62	1235	0	0
10:51:24.8700	60	893	0	0
10:51:25.8600	60	793	0	0
10:51:26.8500	61	751	0	0
10:51:27.8700	61	0	0	0
10:51:28.8610	65	791	1609	0
10:51:29.8510	65	1308	0	0
10:51:30.8700	65	923	0	0
10:51:31.8600	65	0	0	0
10:51:32.8800	64	852	0	0
10:51:33.8700	65	1026	0	0
10:51:34.8610	65	1396	0	0
10:51:35.8510	64	1290	0	0
10:51:36.8700	64	0	0	0
10:51:37.8600	62	1178	0	0
10:51:38.8510	60	1300	0	0
10:51:39.8710	59	1205	0	0
10:51:40.8600	58	1211	0	0
10:51:41.8510	57	1075	0	0
10:51:42.8410	57	1015	0	0
10:51:43.8610	57	932	0	0
10:51:44.8510	57	1117	0	0
10:51:45.8410	57	1056	0	0
10:51:46.9210	57	927	0	0
10:51:47.8510	58	1200	0	0
10:51:48.8410	58	1141	0	0
10:51:49.8610	57	936	0	0
10:51:50.8510	58	846	754	0
10:51:51.8410	58	0	0	0
10:51:52.8610	60	759	0	0
10:51:53.8510	64	776	1364	0
10:51:54.8410	64	836	0	0
10:51:55.8610	64	866	0	0
10:51:56.8510	64	836	0	0
10:51:57.8410	65	741	0	0
10:51:58.8610	68	734	0	0
10:51:59.8510	68	0	0	0
10:52:00.8410	70	794	0	0
10:52:01.8610	73	1674	0	0
10:52:02.8510	74	1367	0	0
10:52:03.8710	75	1166	0	0
10:52:04.8610	74	1275	0	0
10:52:05.8810	74	1111	0	0
10:52:06.8710	73	1104	0	0
10:52:07.8610	73	0	0	0
10:52:08.8510	71	1026	0	0
10:52:09.8410	68	1155	0	0
10:52:10.8910	66	1242	0	0
10:52:11.8510	65	1121	0	0
10:52:12.8410	63	986	0	0
10:52:13.8610	63	1016	0	0
10:52:14.8510	62	978	908	0
10:52:15.8410	62	858	0	0
10:52:16.8740	63	836	0	0
10:52:17.8810	64	813	0	0
10:52:18.8410	64	0	0	0
10:52:19.8620	65	867	1402	0
10:52:20.8510	64	1063	0	0
10:52:21.8410	63	823	0	0
10:52:22.8610	64	773	743	0
10:52:23.8510	66	729	0	0
10:52:24.8800	71	750	835	308
10:52:25.8610	73	575	0	0
10:52:26.8510	75	541	756	0
10:52:27.8410	76	277	0	0
10:52:28.8610	78	497	763	0
10:52:29.8510	78	741	0	0
10:52:30.8410	78	0	0	0
10:52:31.8610	79	735	0	0
10:52:32.8520	79	778	0	0
10:52:33.8410	80	1313	0	0
10:52:34.8610	80	1081	0	0
10:52:35.8510	80	999	0	0
10:52:36.8410	79	1062	0	0
10:52:37.8610	79	1216	0	0
10:52:38.8810	79	1141	0	0
10:52:39.8710	74	913	818	0
10:52:40.8610	74	0	0	0
10:52:41.8810	73	771	0	0
10:52:42.8410	73	776	0	0
10:52:43.8910	74	1394	0	0
10:52:44.8510	75	1302	0	0
10:52:45.8410	75	988	0	0
10:52:46.8610	73	878	0	0
10:52:47.8510	73	0	0	0
10:52:48.8410	72	1007	0	0
10:52:49.8610	70	1420	0	0
10:52:50.8510	67	1284	0	0
10:52:51.8420	63	1166	1022	0
10:52:52.8610	63	920	0	0
10:52:53.8510	63	848	0	0
10:52:54.8410	63	0	0	0
10:52:55.8910	63	792	0	0
10:52:56.8520	64	815	0	0
10:52:57.8410	66	1460	0	0
10:52:58.8610	68	1291	0	0
10:52:59.8620	69	1313	0	0
10:53:00.8410	68	1030	0	0
10:53:01.8610	67	1033	0	0
10:53:02.8810	65	976	0	0
10:53:03.8410	65	955	0	0
10:53:04.8610	65	888	0	0
10:53:05.8510	65	853	802	0
10:53:06.8410	66	813	0	0
10:53:07.8610	67	839	0	0
10:53:08.8510	67	0	0	0
10:53:09.8710	67	855	0	0
10:53:10.8610	67	987	1356	0
10:53:11.8810	66	951	0	0
10:53:12.8710	65	803	0	0
10:53:13.8610	65	799	0	0
10:53:14.8510	65	0	0	0
10:53:15.8410	66	854	0	0
10:53:16.8610	67	1451	0	0
10:53:17.8510	66	1267	0	0
10:53:18.8420	64	1282	0	0
10:53:19.8610	62	1021	0	0
10:53:20.8510	61	1020	0	0
10:53:21.8400	61	1039	0	0
10:53:22.8600	61	875	0	0
10:53:23.8630	61	858	0	0
10:53:24.8400	62	880	0	0
10:53:25.8600	62	1351	0	0
10:53:26.8510	62	1118	0	0
10:53:27.8410	60	814	0	0
10:53:28.8610	61	779	0	0
10:53:29.8810	62	787	0	0
10:53:30.8410	65	1458	0	0
10:53:31.8600	68	1335	0	0
10:53:32.8510	68	1037	0	0
10:53:33.8400	67	836	0	0
10:53:34.8610	67	813	0	0
10:53:35.8510	68	847	0	0
10:53:36.8410	68	895	970	0
10:53:37.8610	68	886	0	0
10:53:38.8510	68	883	0	0
10:53:39.8400	68	798	0	0
10:53:40.8620	69	757	753	0
10:53:41.8510	70	755	0	0
10:53:42.8410	72	737	717	0
10:53:43.8600	73	718	0	0
10:53:44.8810	74	757	0	0
10:53:45.8720	75	734	753	0
10:53:46.8620	75	0	0	0
10:53:47.8500	76	755	0	0
10:53:48.8410	76	765	0	0
10:53:49.8620	77	1309	0	0
10:53:50.8510	77	1130	0	0
10:53:51.8410	77	1059	0	0
10:53:52.8620	77	1020	0	0
10:53:53.8510	77	1024	0	0
10:53:54.8420	76	817	0	0
10:53:55.8620	75	1106	866	0
10:53:56.8510	73	803	0	0
10:53:57.8420	73	772	0	0
10:53:58.8620	74	776	842	0
10:53:59.8510	74	0	0	0
10:54:00.8410	74	815	0	0
10:54:01.8610	74	0	0	0
10:54:02.8520	73	1843	0	0
10:54:03.8410	73	2032	0	0
10:54:04.8620	73	0	0	0
10:54:05.8510	73	764	0	0
10:54:06.8420	72	772	0	0
10:54:07.8620	72	1385	0	0
10:54:08.8520	72	1302	856	0
10:54:09.8410	72	0	0	0
10:54:10.8620	71	806	0	0
10:54:11.8520	71	885	0	0
10:54:12.8420	71	0	0	0
10:54:13.8620	71	1485	0	0
10:54:14.8520	69	1444	0	0
10:54:15.8410	66	1228	0	0
10:54:16.8620	64	1091	0	0
10:54:17.8820	63	1149	0	0
10:54:18.8720	62	1001	0	0
10:54:19.8620	62	1375	0	0
10:54:20.8520	61	983	0	0
10:54:21.8410	60	854	0	0
10:54:22.8620	60	775	0	0
10:54:23.8820	65	727	1384	0
10:54:24.8420	67	667	0	0
10:54:25.8920	70	655	669	0
10:54:26.8520	71	672	0	0
10:54:27.8410	71	655	639	0
10:54:28.8620	78	647	640	0
10:54:29.8520	80	630	0	0
10:54:30.8420	83	618	605	0
10:54:31.8620	86	603	598	0
10:54:32.8520	88	592	0	0
10:54:33.8410	92	586	582	0
10:54:34.8620	95	578	586	0
10:54:35.8520	97	604	0	0
10:54:36.8420	98	614	640	0
10:54:37.8620	97	667	0	0
10:54:38.8520	96	695	0	0
10:54:39.8420	93	733	752	0
10:54:40.8620	91	714	0	0
10:54:41.8520	89	683	683	0
10:54:42.8420	89	668	0	0
10:54:43.8620	89	709	0	0
10:54:44.8510	88	754	732	0
10:54:45.8420	86	701	680	678
10:54:46.8620	87	262	0	0
10:54:47.8520	87	0	0	0
10:54:48.8420	87	0	0	0
10:54:49.8620	87	0	0	0
10:54:50.9110	87	0	0	0
10:54:51.8720	87	1061	0	0
10:54:52.8620	88	3967	679	0
10:54:53.8520	88	697	0	0
10:54:54.8420	88	730	0	0
10:54:55.8620	86	732	771	0
10:54:56.8520	85	720	0	0
10:54:57.8870	84	694	676	0
10:54:58.8620	85	654	642	0
10:54:59.8520	86	646	0	0
10:55:00.8420	87	660	0	0
10:55:01.8610	88	667	682	0
10:55:02.8520	88	688	0	0
10:55:03.8420	88	674	0	0
10:55:04.8610	88	669	0	0
10:55:05.8520	89	726	1225	0
10:55:06.8420	89	900	0	0
10:55:07.8630	89	744	0	0
10:55:08.8520	88	731	0	0
10:55:09.8420	86	758	0	0
10:55:10.8620	85	907	0	0
10:55:11.8510	81	1194	0	0
10:55:12.8420	75	1041	0	0
10:55:13.8620	73	839	0	0
10:55:14.8520	72	954	0	0
10:55:15.8420	72	1032	0	0
10:55:16.8620	71	1093	0	0
10:55:17.8520	68	1233	0	0
10:55:18.8410	65	816	739	0
10:55:19.8620	65	0	0	0
10:55:20.8520	68	767	828	0
10:55:21.8420	69	1242	0	0
10:55:22.8620	68	811	0	0
10:55:23.8820	67	786	0	0
10:55:24.8720	68	1198	0	0
10:55:25.9210	68	881	0	0
10:55:26.8520	68	0	0	0
10:55:27.8420	67	1065	0	0
10:55:28.8620	66	972	1177	0
10:55:29.8520	65	1056	0	0
10:55:30.8420	64	852	0	0
10:55:31.8620	65	787	727	0
10:55:32.8680	65	0	0	0
10:55:33.8420	66	727	0	0
10:55:34.8620	68	811	0	0
10:55:35.8520	68	1209	1074	0
10:55:36.8420	67	808	0	0
10:55:37.8620	67	0	0	0
10:55:38.8520	66	804	0	0
10:55:39.8420	67	893	0	0
10:55:40.8620	68	1437	0	0
10:55:41.8520	66	1375	0	0
10:55:42.8890	64	1153	0	0
10:55:43.8620	62	883	0	0
10:55:44.8520	62	761	0	0
10:55:45.8420	63	762	0	0
10:55:46.8620	65	862	0	0
10:55:47.8520	65	0	0	0
10:55:48.8420	68	1521	0	0
10:55:49.8620	70	1408	0	0
10:55:50.8520	70	1336	0	0
10:55:51.8420	70	1148	0	0
10:55:52.8620	69	1001	0	0
10:55:53.8520	68	963	0	0
10:55:54.8420	67	933	908	0
10:55:55.8620	67	918	0	0
10:55:56.8980	67	0	0	0
10:55:57.8720	67	822	0	0
10:55:58.8620	67	810	0	0
10:55:59.8520	68	1337	0	0
10:56:00.8420	67	1369	0	0
10:56:01.8620	65	1262	0	0
10:56:02.8520	63	815	0	0
10:56:03.9020	63	788	0	0
10:56:04.8620	64	800	0	0
10:56:05.8520	65	1323	0	0
10:56:06.8420	64	839	0	0
10:56:07.8620	64	872	0	0
10:56:08.8520	64	909	0	0
10:56:09.8420	65	991	0	0
10:56:10.8620	65	963	0	0
10:56:11.8520	64	1079	1052	0
10:56:12.8420	63	908	0	0
10:56:13.8620	63	0	0	0
10:56:14.8520	63	853	0	0
10:56:15.8420	63	1001	0	0
10:56:16.8630	63	1236	1028	0
10:56:17.8520	63	0	0	0
10:56:18.8420	62	877	0	0
10:56:19.8620	62	867	0	0
10:56:20.8520	63	1263	0	0
10:56:21.8420	62	1309	0	0
10:56:22.8620	62	0	0	0
10:56:23.8520	61	1298	0	0
10:56:24.8420	59	1025	0	0
10:56:25.8620	58	1790	0	0
10:56:26.8520	58	0	0	0
10:56:27.8420	59	841	0	0
10:56:28.8620	59	1354	0	0
10:56:29.8820	57	1305	0	0
10:56:30.8720	53	1230	943	0
10:56:31.8710	54	839	0	0
10:56:32.8520	55	764	0	0
10:56:33.8420	57	753	0	0
10:56:34.8620	59	765	0	0
10:56:35.8520	62	1358	0	0
10:56:36.8420	62	964	0	0
10:56:37.8620	63	820	766	0
10:56:38.8520	65	729	0	0
10:56:39.8420	67	728	0	0
10:56:40.8620	68	740	0	0
10:56:41.8520	69	856	0	0
10:56:42.8420	69	998	864	0
10:56:43.8630	69	822	0	0
10:56:44.8520	69	757	0	0
10:56:45.8420	70	762	0	0
10:56:46.8630	71	785	825	0
10:56:47.8530	72	896	0	0
10:56:48.8430	72	889	0	0
10:56:49.8630	71	875	0	0
10:56:50.8530	71	990	0	0
10:56:51.8430	70	886	0	0
10:56:52.8630	70	795	788	0
10:56:53.8530	70	802	0	0
10:56:54.8430	71	817	0	0
10:56:55.8930	71	811	0	0
10:56:56.8520	71	0	0	0
10:56:57.8430	71	871	0	0
10:56:58.8630	70	1366	1106	0
10:56:59.8530	68	914	0	0
10:57:00.8430	67	790	728	0
10:57:01.8630	69	707	0	0
10:57:02.8830	73	688	693	0
10:57:03.8730	75	681	0	0
10:57:04.8630	76	717	0	0
10:57:05.8530	77	873	0	0
10:57:06.8580	77	870	0	0
10:57:07.8330	76	912	0	0
10:57:08.8530	74	851	786	0
10:57:09.8730	74	751	0	0
10:57:10.8330	75	708	0	0
10:57:11.8830	75	688	0	0
10:57:12.8430	77	711	0	0
10:57:13.8330	77	940	0	0
10:57:14.8530	77	1456	0	0
10:57:15.8430	72	1202	0	0
10:57:16.8330	68	873	0	0
10:57:17.8530	67	824	0	0
10:57:18.8430	67	932	0	0
10:57:19.8330	67	1360	0	0
10:57:20.8530	66	1245	0	0
10:57:21.8430	64	788	732	0
10:57:22.8330	64	0	0	0
10:57:23.8530	65	724	0	0
10:57:24.8430	67	761	0	0
10:57:25.8330	69	1468	0	0
10:57:26.8530	69	1135	872	0
10:57:27.8430	69	787	0	0
10:57:28.8330	69	738	0	0
10:57:29.8530	71	715	701	0
10:57:30.8430	73	703	0	0
10:57:31.8330	74	693	0	0
10:57:32.8530	75	750	0	0
10:57:33.8430	76	899	918	0
10:57:34.8330	75	813	0	0
10:57:35.8830	74	751	0	0
10:57:36.8730	74	716	0	0
10:57:37.8930	75	756	0	0
10:57:38.8530	77	1275	0	0
10:57:39.8430	79	1004	755	0
10:57:40.8330	79	724	0	0
10:57:41.8530	79	0	0	0
10:57:42.8430	79	728	0	0
10:57:43.8330	80	787	0	0
10:57:44.8830	81	1335	1282	0
10:57:45.8430	81	878	0	0
10:57:46.8330	79	847	0	0
10:57:47.8530	76	795	735	0
10:57:48.8430	77	716	0	0
10:57:49.8330	77	0	0	0
10:57:50.8530	77	719	0	0
10:57:51.8730	78	774	0	0
10:57:52.8330	79	1305	0	0
10:57:53.8530	80	1200	965	0
10:57:54.8430	79	829	0	0
10:57:55.8330	79	806	0	0
10:57:56.8530	79	0	0	0
10:57:57.8430	78	858	0	0
10:57:58.8630	73	1280	1229	0
10:57:59.8530	73	0	0	0
10:58:00.8430	69	818	0	0
10:58:01.8330	69	759	0	0
10:58:02.8530	70	1470	0	0
10:58:03.8430	70	1337	0	0
10:58:04.8330	70	1265	0	0
10:58:05.8980	70	876	0	0
10:58:06.8430	70	984	0	0
10:58:07.8330	69	816	0	0
10:58:08.8830	69	0	0	0
10:58:09.8730	68	817	0	0
10:58:10.8630	69	1444	0	0
10:58:11.8530	70	1377	0	0
10:58:12.8430	70	1313	0	0
10:58:13.8330	70	0	0	0
10:58:14.8530	70	1292	0	0
10:58:15.8430	69	1182	0	0
10:58:16.8330	69	1141	0	0
10:58:17.8530	68	1265	0	0
10:58:18.8430	66	1070	0	0
10:58:19.8330	65	828	0	0
10:58:20.8530	65	0	0	0
10:58:21.8430	65	914	1581	0
10:58:22.8330	64	1369	0	0
10:58:23.8530	62	862	0	0
10:58:24.8430	62	0	0	0
10:58:25.8330	61	785	0	0
10:58:26.8530	62	804	0	0
10:58:27.8430	62	0	0	0
10:58:28.8330	65	1608	0	0
10:58:29.8980	67	1450	0	0
10:58:30.8430	68	1360	0	0
10:58:31.8330	67	1335	0	0
10:58:32.8530	67	1232	0	0
10:58:33.8430	67	1087	0	0
10:58:34.8330	66	821	0	0
10:58:35.8530	66	0	0	0
10:58:36.8730	66	844	0	0
10:58:37.8330	67	1617	0	0
10:58:38.8530	68	1513	0	0
10:58:39.8430	69	1404	0	0
10:58:40.8420	68	1091	0	0
10:58:41.8830	67	931	0	0
10:58:42.8730	65	1061	0	0
10:58:43.9230	65	0	0	0
10:58:44.8530	65	828	0	0
10:58:45.8430	65	809	0	0
10:58:46.8330	66	1477	0	0
10:58:47.8530	67	1267	0	0
10:58:48.8440	67	1188	806	0
10:58:49.8330	67	0	0	0
10:58:50.8530	68	759	0	0
10:58:51.8440	70	868	0	0
10:58:52.8330	70	1253	0	0
10:58:53.8540	69	1189	0	0
10:58:54.8430	67	893	0	0
10:58:55.8330	66	853	0	0
10:58:56.8540	66	1351	854	0
10:58:57.9040	65	790	0	0
10:58:58.8340	66	742	0	0
10:58:59.8540	67	714	0	0
10:59:00.8440	68	742	0	0
10:59:01.8340	70	1520	0	0
10:59:02.8530	70	0	0	0
10:59:03.8440	71	1099	0	0
10:59:04.8490	70	849	0	0
10:59:05.8530	70	1415	0	0
10:59:06.8440	68	1254	0	0
10:59:07.8340	66	964	0	0
10:59:08.8540	65	818	0	0
10:59:09.8440	65	0	0	0
10:59:10.8340	65	842	0	0
10:59:11.8540	67	1700	0	0
10:59:12.8440	68	1407	0	0
10:59:13.8340	67	1065	936	0
10:59:14.8840	66	835	0	0
10:59:15.8740	66	785	0	0
10:59:16.8630	66	0	0	0
10:59:17.8540	67	782	0	0
10:59:18.8440	70	1324	1119	0
10:59:19.8340	71	998	0	0
10:59:20.8540	69	939	0	0
10:59:21.8440	68	939	0	0
10:59:22.8340	67	886	0	0
10:59:23.8540	67	843	0	0
10:59:24.8440	68	812	825	0
10:59:25.8500	68	858	0	0
10:59:26.8540	69	826	0	0
10:59:27.8440	69	843	718	0
10:59:28.8340	70	705	0	0
10:59:29.8540	70	0	0	0
10:59:30.8440	71	710	0	0
10:59:31.8340	73	862	0	0
10:59:32.8540	73	1436	0	0
10:59:33.8440	73	0	0	0
10:59:34.8340	66	1313	1297	0
10:59:35.8540	64	1155	0	0
10:59:36.8440	62	942	0	0
10:59:37.8340	62	869	0	0
10:59:38.8540	62	785	0	0
10:59:39.8440	62	0	0	0
10:59:40.8340	63	747	0	0
10:59:41.8540	68	1467	1386	0
10:59:42.8440	69	938	0	0
10:59:43.8340	69	0	0	0
10:59:44.8540	68	809	0	0
10:59:45.8440	68	901	0	0
10:59:46.8340	69	1471	0	0
10:59:47.8840	67	1273	0	0
10:59:48.8740	65	854	0	0
10:59:49.8640	65	0	0	0
10:59:50.8540	64	790	0	0
10:59:51.8440	65	1573	0	0
10:59:52.8640	66	1342	0	0
10:59:53.8540	67	1385	0	0
10:59:54.8440	66	1212	0	0
10:59:55.8340	66	1118	0	0
10:59:56.8540	64	808	0	0
10:59:57.8440	64	783	0	0
10:59:58.8340	64	0	0	0
10:59:59.8540	65	966	0	0
11:00:00.8440	66	1474	0	0
11:00:01.8340	64	1366	0	0
11:00:02.8540	62	1166	0	0
11:00:03.8450	61	968	0	0
11:00:04.8340	60	881	0	0
11:00:05.8540	61	875	0	0
11:00:06.8440	62	1002	0	0
11:00:07.8340	62	1294	0	0
11:00:08.8540	61	1188	0	0
11:00:09.8440	60	1175	0	0
11:00:10.8340	59	1060	0	0
11:00:11.8540	58	897	0	0
11:00:12.8440	60	817	752	0
11:00:13.8340	60	0	0	0
11:00:14.8540	61	730	0	0
11:00:15.8440	63	750	0	0
11:00:16.8340	63	0	0	0
11:00:17.8540	65	1571	0	0
11:00:18.8440	68	1458	0	0
11:00:19.8340	71	1239	0	0
11:00:20.8840	71	1186	0	0
11:00:21.8740	71	0	0	0
11:00:22.8640	71	1260	0	0
11:00:23.8540	70	1216	0	0
11:00:24.8910	70	1292	0	0
11:00:25.8340	69	1153	0	0
11:00:26.8540	67	1175	0	0
11:00:27.8440	67	0	0	0
11:00:28.8340	65	1229	0	0
11:00:29.8540	64	1408	0	0
11:00:30.8440	60	1221	981	0
11:00:31.8640	60	825	0	0
11:00:32.8540	60	0	0	0
11:00:33.8440	61	792	0	0
11:00:34.8340	62	1040	0	0
11:00:35.8540	62	1391	0	0
11:00:36.8440	61	1395	0	0
11:00:37.8340	61	0	0	0
11:00:38.8690	59	1274	0	0
11:00:39.8440	58	1000	0	0
11:00:40.8340	57	1141	0	0
11:00:41.8540	57	1196	0	0
11:00:42.8440	57	0	0	0
11:00:43.8340	56	1364	1280	0
11:00:44.8540	55	1127	0	0
11:00:45.8740	54	835	0	0
11:00:46.8340	55	785	0	0
11:00:47.8550	55	0	0	0
11:00:48.8440	57	837	0	0
11:00:49.8340	59	1489	0	0
11:00:50.8540	59	1188	0	0
11:00:51.8440	59	0	0	0
11:00:52.8340	58	1260	0	0
11:00:53.8840	56	1393	0	0
11:00:54.8740	54	1320	0	0
11:00:55.8650	52	1255	0	0
11:00:56.8540	52	1117	0	0
11:00:57.8440	52	1245	0	0
11:00:58.8340	51	1203	0	0
11:00:59.8540	51	0	0	0
11:01:00.8450	51	911	0	0
11:01:01.8350	52	950	0	0
11:01:02.8550	53	1446	0	0
11:01:03.8440	53	1321	0	0
11:01:04.8350	52	1153	0	0
11:01:05.8540	52	0	0	0
11:01:06.8440	52	860	0	0
11:01:07.8340	53	873	0	0
11:01:08.8540	55	1647	0	0
11:01:09.8450	55	1364	0	0
11:01:10.8350	53	1247	0	0
11:01:11.8540	52	1026	0	0
11:01:12.8450	52	0	0	0
11:01:13.8800	52	963	0	0
11:01:14.8550	54	1215	0	0
11:01:15.8450	54	1178	0	0
11:01:16.8650	54	1185	0	0
11:01:17.8540	53	1168	0	0
11:01:18.8450	53	1323	0	0
11:01:19.8350	53	1017	0	0
11:01:20.8550	53	788	0	0
11:01:21.8450	54	771	0	0
11:01:22.8350	56	784	0	0
11:01:23.8550	59	1345	0	0
11:01:24.8450	59	946	0	0
11:01:25.8350	59	973	0	0
11:01:26.8850	60	1050	0	0
11:01:27.8750	61	853	899	0
11:01:28.8650	61	938	0	0
11:01:29.8550	62	832	0	0
11:01:30.8450	62	794	0	0
11:01:31.8350	64	796	0	0
11:01:32.8550	65	773	0	0
11:01:33.8450	67	775	915	0
11:01:34.8350	68	1139	0	0
11:01:35.8550	67	816	0	0
11:01:36.8450	66	782	0	0
11:01:37.8800	67	766	0	0
11:01:38.8550	67	0	0	0
11:01:39.8450	68	788	0	0
11:01:40.8350	70	1487	0	0
11:01:41.8550	72	1389	0	0
11:01:42.8450	72	1287	0	0
11:01:43.8350	72	1119	0	0
11:01:44.8550	70	1022	846	0
11:01:45.8450	69	771	0	0
11:01:46.8350	70	721	0	0
11:01:47.8550	71	719	0	0
11:01:48.8530	71	0	0	0
11:01:49.8350	72	716	0	0
11:01:50.8550	73	1487	0	0
11:01:51.8450	74	1387	0	0
11:01:52.8350	75	888	0	0
11:01:53.8550	75	1057	0	0
11:01:54.8450	75	0	0	0
11:01:55.8350	72	1277	0	0
11:01:56.8550	68	1283	0	0
11:01:57.8450	64	1378	995	0
11:01:58.8350	64	0	0	0
11:01:59.8850	63	925	935	0
11:02:00.8750	63	1001	0	0
11:02:01.8650	63	831	0	0
11:02:02.8550	63	787	0	0
11:02:03.8450	64	761	0	0
11:02:04.8350	66	762	0	0
11:02:05.8550	68	1510	0	0
11:02:06.8450	70	1175	0	0
11:02:07.8350	71	892	0	0
11:02:08.8550	70	806	0	0
11:02:09.8450	70	804	0	0
11:02:10.8350	71	786	0	0
11:02:11.8550	72	930	1035	0
11:02:12.8450	71	1037	0	0
11:02:13.8350	69	884	0	0
11:02:14.8550	69	816	0	0
11:02:15.8450	70	763	750	0
11:02:16.8350	71	727	0	0
11:02:17.8550	72	745	0	0
11:02:18.8450	73	813	748	0
11:02:19.8350	73	800	0	0
11:02:20.8550	74	837	0	0
11:02:21.8450	74	805	0	0
11:02:22.8350	74	798	0	0
11:02:23.8550	74	844	0	0
11:02:24.8450	74	865	0	0
11:02:25.8650	73	1085	0	0
11:02:26.8430	71	1259	0	0
11:02:27.8450	69	883	0	0
11:02:28.8350	68	935	0	0
11:02:29.8550	68	1291	0	0
11:02:30.8450	67	1004	0	0
11:02:31.8350	65	867	0	0
11:02:32.8850	66	830	814	0
11:02:33.8750	66	845	0	0
11:02:34.8650	66	0	0	0
11:02:35.8250	67	850	0	0
11:02:36.8450	67	913	0	0
11:02:37.8350	68	1166	0	0
11:02:38.8250	67	1311	0	0
11:02:39.8450	64	1015	868	0
11:02:40.8350	64	815	0	0
11:02:41.8250	64	771	0	0
11:02:42.8750	66	737	0	0
11:02:43.8360	67	769	0	0
11:02:44.8250	68	862	0	0
11:02:45.8450	69	821	0	0
11:02:46.8350	69	1033	0	0
11:02:47.8250	69	1188	0	0
11:02:48.8450	67	1021	0	0
11:02:49.8350	66	926	0	0
11:02:50.8250	65	986	1184	0
11:02:51.8450	64	814	0	0
11:02:52.8350	64	0	0	0
11:02:53.8250	64	781	0	0
11:02:54.8450	65	868	0	0
11:02:55.8350	66	1459	0	0
11:02:56.8250	65	1341	0	0
11:02:57.8450	63	1197	0	0
11:02:58.8350	61	1018	0	0
11:02:59.8250	61	947	0	0
11:03:00.8450	61	926	0	0
11:03:01.8350	61	890	0	0
11:03:02.8250	61	788	0	0
11:03:03.8450	61	0	0	0
11:03:04.8350	62	780	0	0
11:03:05.8250	65	1525	0	0
11:03:06.8750	67	1322	0	0
11:03:07.8660	68	1313	0	0
11:03:08.8250	68	1208	0	0
11:03:09.8450	67	1190	0	0
11:03:10.8350	67	1037	0	0
11:03:11.8640	66	855	0	0
11:03:12.8450	66	0	0	0
11:03:13.8350	66	870	0	0
11:03:14.8250	66	1422	0	0
11:03:15.8450	65	1299	0	0
11:03:16.8350	65	0	0	0
11:03:17.8250	61	1386	1230	0
11:03:18.8450	60	1157	0	0
11:03:19.8650	59	939	0	0
11:03:20.8250	59	785	0	0
11:03:21.8450	59	0	0	0
11:03:22.8350	60	790	0	0
11:03:23.8250	62	876	0	0
11:03:24.8450	64	1694	0	0
11:03:25.8650	67	1335	0	0
11:03:26.8550	67	1234	0	0
11:03:27.8450	67	1134	0	0
11:03:28.8360	65	826	0	0
11:03:29.8250	65	774	0	0
11:03:30.8450	65	0	0	0
11:03:31.8350	66	823	0	0
11:03:32.8550	68	1679	0	0
11:03:33.8460	70	1519	0	0
11:03:34.8350	70	0	0	0
11:03:35.8260	70	1277	0	0
11:03:36.8460	70	1259	0	0
11:03:37.8350	69	1177	1116	0
11:03:38.8260	68	938	0	0
11:03:39.8760	67	821	0	0
11:03:40.8650	67	0	0	0
11:03:41.8250	67	759	0	0
11:03:42.8450	68	790	0	0
11:03:43.8360	70	1572	0	0
11:03:44.8250	70	0	0	0
11:03:45.8460	72	1376	0	0
11:03:46.8500	73	1324	0	0
11:03:47.8260	72	1247	1160	0
11:03:48.8460	71	977	0	0
11:03:49.8360	71	806	0	0
11:03:50.8260	70	764	0	0
11:03:51.8460	72	736	736	0
11:03:52.8360	73	862	0	0
11:03:53.8260	73	0	0	0
11:03:54.8460	73	843	0	0
11:03:55.8360	73	792	0	0
11:03:56.8250	73	0	0	0
11:03:57.8460	72	1451	0	0
11:03:58.8360	72	1479	0	0
11:03:59.8260	72	1343	0	0
11:04:00.8460	71	1163	0	0
11:04:01.8360	71	1085	0	0
11:04:02.8260	69	1046	0	0
11:04:03.8760	68	1228	0	0
11:04:04.8360	66	916	0	0
11:04:05.8260	65	794	0	0
11:04:06.8460	66	798	0	0
11:04:07.8360	66	0	0	0
11:04:08.8260	68	1466	0	0
11:04:09.8460	69	1330	0	0
11:04:10.8810	70	1464	0	0
11:04:11.8260	69	1252	0	0
11:04:12.8760	69	1117	0	0
11:04:13.8660	67	869	815	0
11:04:14.8560	67	808	0	0
11:04:15.8460	68	813	0	0
11:04:16.8360	69	766	764	0
11:04:17.8560	70	727	0	0
11:04:18.8460	71	712	0	0
11:04:19.8360	72	714	0	0
11:04:20.8260	72	0	0	0
11:04:21.8460	74	890	0	0
11:04:22.8360	74	1406	0	0
11:04:23.8260	67	1164	996	0
11:04:24.8460	66	926	0	0
11:04:25.8360	66	0	0	0
11:04:26.8260	65	878	0	0
11:04:27.8460	66	986	1274	0
11:04:28.8360	64	842	0	0
11:04:29.8260	64	0	0	0
11:04:30.8460	64	799	0	0
11:04:31.8660	65	970	0	0
11:04:32.8260	65	0	0	0
11:04:33.8460	65	1627	0	0
11:04:34.8360	64	1424	0	0
11:04:35.8260	59	1331	1083	0
11:04:36.8460	58	884	0	0
11:04:37.8360	59	814	0	0
11:04:38.8260	59	0	0	0
11:04:39.8460	60	760	0	0
11:04:40.8360	62	829	0	0
11:04:41.8260	64	1541	0	0
11:04:42.8460	64	0	0	0
11:04:43.8360	64	1482	0	0
11:04:44.8260	63	1315	0	0
11:04:45.8910	63	1275	0	0
11:04:46.8660	61	1157	0	0
11:04:47.8260	59	1202	0	0
11:04:48.8460	58	847	0	0
11:04:49.8360	58	847	0	0
11:04:50.8260	58	0	0	0
11:04:51.8470	60	1375	0	0
11:04:52.8360	58	1324	1280	0
11:04:53.8260	58	0	0	0
11:04:54.8460	57	872	0	0
11:04:55.8360	57	877	0	0
11:04:56.8260	57	0	0	0
11:04:57.8460	58	1468	0	0
11:04:58.8360	58	1357	0	0
11:04:59.8260	56	1397	0	0
11:05:00.8460	56	0	0	0
11:05:01.8360	55	1486	0	0
11:05:02.8260	54	1295	0	0
11:05:03.8460	53	1162	0	0
11:05:04.8360	52	1026	0	0
11:05:05.8560	52	919	0	0
11:05:06.8460	53	941	0	0
11:05:07.8660	55	1439	0	0
11:05:08.8260	54	1331	0	0
11:05:09.8460	54	0	0	0
11:05:10.8360	53	895	0	0
11:05:11.8260	54	866	0	0
11:05:12.8470	56	1569	0	0
11:05:13.8360	56	0	0	0
11:05:14.8260	58	1365	0	0
11:05:15.8460	58	1312	0	0
11:05:16.8360	53	1276	1189	0
11:05:17.8260	53	0	0	0
11:05:18.8760	53	890	0	0
11:05:19.8660	53	875	0	0
11:05:20.8260	53	0	0	0
11:05:21.8460	55	1525	0	0
11:05:22.8360	55	1421	0	0
11:05:23.8260	53	1213	0	0
11:05:24.8460	52	1340	0	0
11:05:25.8360	52	1317	0	0
11:05:26.8260	51	935	0	0
11:05:27.8470	52	856	0	0
11:05:28.8360	53	845	0	0
11:05:29.8260	55	874	0	0
11:05:30.8460	56	1469	0	0
11:05:31.8360	56	1021	0	0
11:05:32.8260	56	882	0	0
11:05:33.8460	56	854	0	0
11:05:34.8360	59	839	870	0
11:05:35.8260	60	843	0	0
11:05:36.8460	61	793	0	0
11:05:37.8370	64	748	751	0
11:05:38.8260	66	713	0	0
11:05:39.8460	67	744	0	0
11:05:40.8360	69	755	0	0
11:05:41.8260	69	0	0	0
11:05:42.8470	70	780	0	0
11:05:43.8370	72	1381	0	0
11:05:44.8270	73	1330	0	0
11:05:45.8470	74	1228	0	0
11:05:46.8370	73	1026	0	0
11:05:47.8260	71	1073	0	0
11:05:48.8460	69	1094	0	0
11:05:49.8370	66	996	854	0
11:05:50.8270	66	759	0	0
11:05:51.8770	67	744	0	0
11:05:52.8670	68	734	0	0
11:05:53.8260	68	0	0	0
11:05:54.8470	70	754	0	0
11:05:55.8370	71	1520	0	0
11:05:56.8270	72	1431	0	0
11:05:57.8470	73	1333	0	0
11:05:58.8660	74	1206	0	0
11:05:59.8270	74	1068	0	0
11:06:00.8470	74	836	774	0
11:06:01.8370	74	746	0	0
11:06:02.8570	74	715	0	0
11:06:03.8470	75	709	0	0
11:06:04.8670	75	0	0	0
11:06:05.8560	76	712	0	0
11:06:06.8460	77	765	0	0
11:06:07.8370	78	1884	0	0
11:06:08.8260	78	0	0	0
11:06:09.8470	80	1553	1277	0
11:06:10.8370	79	1154	0	0
11:06:11.8270	78	974	0	0
11:06:12.8470	78	835	0	0
11:06:13.8370	78	0	0	0
11:06:14.8270	77	850	1193	0
11:06:15.8470	73	1175	0	0
11:06:16.8370	73	0	0	0
11:06:17.8270	70	849	0	0
11:06:18.8470	69	859	0	0
11:06:19.8690	69	1543	0	0
11:06:20.8270	70	1450	0	0
11:06:21.8470	70	1230	0	0
11:06:22.8370	70	0	0	0
11:06:23.8270	69	890	0	0
11:06:24.8790	69	833	0	0
11:06:25.8670	68	1464	0	0
11:06:26.8570	68	1374	0	0
11:06:27.8470	68	1215	0	0
11:06:28.8370	68	956	0	0
11:06:29.8270	68	0	0	0
11:06:30.8470	67	1187	0	0
11:06:31.8370	66	896	0	0
11:06:32.8270	66	1253	0	0
11:06:33.8470	65	1372	0	0
11:06:34.8370	62	1171	877	0
11:06:35.8270	62	777	0	0
11:06:36.8470	63	741	0	0
11:06:37.8370	64	735	0	0
11:06:38.8570	66	760	0	0
11:06:39.8470	66	0	0	0
11:06:40.8370	68	809	0	0
11:06:41.8270	70	1529	0	0
11:06:42.8470	72	1403	0	0
11:06:43.8370	72	1362	0	0
11:06:44.8270	71	1188	0	0
11:06:45.8470	71	1070	0	0
11:06:46.8370	69	1015	0	0
11:06:47.8270	68	921	0	0
11:06:48.8470	68	890	0	0
11:06:49.8370	68	855	782	0
11:06:50.8270	68	734	0	0
11:06:51.8470	69	708	0	0
11:06:52.8370	71	707	0	0
11:06:53.8570	71	0	0	0
11:06:54.8770	72	872	0	0
11:06:55.8370	73	1420	0	0
11:06:56.8270	70	1354	0	0
11:06:57.8770	68	1486	0	0
11:06:58.8670	65	1306	0	0
11:06:59.8270	63	1045	0	0
11:07:00.8470	62	956	0	0
11:07:01.8370	62	969	0	0
11:07:02.8270	62	801	0	0
11:07:03.8470	62	769	0	0
11:07:04.8670	64	792	0	0
11:07:05.8270	67	1445	0	0
11:07:06.8470	69	1295	0	0
11:07:07.8370	70	865	0	0
11:07:08.8270	69	827	0	0
11:07:09.8470	70	821	0	0
11:07:10.8370	70	941	0	0
11:07:11.8770	70	1137	0	0
11:07:12.8470	69	1044	0	0
11:07:13.8370	69	0	0	0
11:07:14.8270	67	1013	1316	0
11:07:15.8470	65	1087	0	0
11:07:16.8370	64	918	0	0
11:07:17.8270	63	821	0	0
11:07:18.8630	65	775	745	0
11:07:19.8370	66	745	0	0
11:07:20.8270	69	717	737	0
11:07:21.8470	71	722	0	0
11:07:22.8370	72	734	0	0
11:07:23.8270	74	756	736	0
11:07:24.8470	74	716	0	0
11:07:25.8370	75	807	0	0
11:07:26.8270	76	764	0	0
11:07:27.8470	76	735	757	0
11:07:28.8370	77	837	0	0
11:07:29.8270	76	834	0	0
11:07:30.8770	76	780	763	0
11:07:31.8670	76	740	0	0
11:07:32.8270	76	730	0	0
11:07:33.8470	77	733	0	0
11:07:34.8370	77	790	0	0
11:07:35.8270	78	1063	0	0
11:07:36.8760	75	993	918	0
11:07:37.8370	73	813	0	0
11:07:38.8270	73	759	0	0
11:07:39.8470	73	786	0	0
11:07:40.8370	74	845	0	0
11:07:41.8270	74	834	0	0
11:07:42.8470	73	1483	0	0
11:07:43.8370	73	1048	0	0
11:07:44.8270	71	917	0	0
11:07:45.9070	69	828	786	0
11:07:46.8370	70	768	0	0
11:07:47.8270	71	749	0	0
11:07:48.8470	72	747	0	0
11:07:49.8380	73	742	0	0
11:07:50.8270	73	797	0	0
11:07:51.8470	75	1380	0	0
11:07:52.8370	76	1101	0	0
11:07:53.8360	76	888	0	0
11:07:54.8480	75	925	0	0
11:07:55.8370	72	886	937	0
11:07:56.8270	71	784	0	0
11:07:57.8500	71	738	0	0
11:07:58.8380	72	753	0	0
11:07:59.8280	73	772	0	0
11:08:00.8480	73	771	0	0
11:08:01.8370	73	0	0	0
11:08:02.8280	75	1329	1316	0
11:08:03.8780	75	1124	0	0
11:08:04.8670	74	957	0	0
11:08:05.8270	73	924	0	0
11:08:06.8180	71	820	775	0
11:08:07.8380	71	739	0	0
11:08:08.8280	72	721	0	0
11:08:09.8180	72	0	0	0
11:08:10.8370	73	709	0	0
11:08:11.8270	74	728	0	0
11:08:12.8180	76	1664	0	0
11:08:13.8370	76	0	0	0
11:08:14.8270	78	1576	0	0
11:08:15.8170	78	1343	0	0
11:08:16.8370	78	1336	0	0
11:08:17.8280	77	1231	0	0
11:08:18.8170	76	876	0	0
11:08:19.8380	76	800	0	0
11:08:20.8280	76	0	0	0
11:08:21.8180	75	838	0	0
11:08:22.8410	75	1598	0	0
11:08:23.8280	75	1365	0	0
11:08:24.8180	75	1169	0	0
11:08:25.8380	74	1082	1014	0
11:08:26.8280	74	0	0	0
11:08:27.8180	72	864	0	0
11:08:28.8380	72	828	0	0
11:08:29.8280	72	0	0	0
11:08:30.8180	72	1409	0	0
11:08:31.8380	67	1438	1317	0
11:08:32.8280	65	958	0	0
11:08:33.8180	64	811	0	0
11:08:34.8380	64	0	0	0
11:08:35.8580	64	770	0	0
11:08:36.8180	65	827	0	0
11:08:37.8680	68	1616	0	0
11:08:38.8280	70	1410	0	0
11:08:39.8180	70	1261	0	0
11:08:40.8380	70	942	0	0
11:08:41.8280	69	1016	0	0
11:08:42.8180	68	949	0	0
11:08:43.8380	67	836	0	0
11:08:44.8280	67	781	0	0
11:08:45.8240	68	817	0	0
11:08:46.8380	70	1454	0	0
11:08:47.8280	71	1126	0	0
11:08:48.8180	71	886	0	0
11:08:49.8380	71	817	0	0
11:08:50.8280	71	854	0	0
11:08:51.8180	71	1396	0	0
11:08:52.8830	71	859	792	0
11:08:53.8280	71	776	0	0
11:08:54.8180	71	0	0	0
11:08:55.8380	72	794	0	0
11:08:56.8280	74	839	1501	0
11:08:57.8180	74	0	0	0
11:08:58.8380	74	0	0	0
11:08:59.8700	74	913	271	0
11:09:00.8180	75	2721	0	0
11:09:01.8380	75	678	660	0
11:09:02.8280	78	643	630	0
11:09:03.8180	78	617	0	0
11:09:04.8380	82	606	600	0
11:09:05.8280	89	592	585	0
11:09:06.8480	91	574	0	0
11:09:07.8380	95	569	567	0
11:09:08.8280	97	575	0	0
11:09:09.8180	97	0	0	0
11:09:10.8680	98	628	0	0
11:09:11.8280	99	1172	0	0
11:09:12.8180	98	1302	0	0
11:09:13.8380	98	0	0	0
11:09:14.8280	98	1432	0	0
11:09:15.8180	97	1286	0	0
11:09:16.8380	96	1191	0	0
11:09:17.8280	95	1193	0	0
11:09:18.8180	94	1001	0	0
11:09:19.8380	94	0	0	0
11:09:20.8280	76	963	1012	0
11:09:21.8180	76	0	0	0
11:09:22.8380	71	1950	0	0
11:09:23.8280	69	759	0	0
11:09:24.8180	69	1317	0	0
11:09:25.8380	69	0	0	0
11:09:26.8280	69	1284	0	0
11:09:27.8630	69	1357	0	0
11:09:28.8380	68	1281	0	0
11:09:29.8580	68	0	0	0
11:09:30.8180	68	1239	0	0
11:09:31.8380	67	1021	0	0
11:09:32.8280	67	2026	0	0
11:09:33.8180	65	848	0	0
11:09:34.8680	65	0	0	0
11:09:35.8280	64	929	0	0
11:09:36.8180	63	1339	0	0
11:09:37.8380	63	1481	0	0
11:09:38.8280	63	1403	0	0
11:09:39.8190	63	1204	0	0
11:09:40.8390	62	876	761	0
11:09:41.8290	63	748	0	0
11:09:42.8200	64	737	0	0
11:09:43.8700	66	742	0	0
11:09:44.8300	66	0	0	0
11:09:45.8210	68	819	0	0
11:09:46.8410	70	1402	0	0
11:09:47.8310	72	1389	0	0
11:09:48.8220	72	1061	980	0
11:09:49.8420	71	872	0	0
11:09:50.8320	70	824	0	0
11:09:51.8680	71	779	755	0
11:09:52.8420	71	0	0	0
11:09:53.8330	71	776	0	0
11:09:54.8230	72	829	1066	0
11:09:55.8430	72	999	0	0
11:09:56.8330	72	0	0	0
11:09:57.8230	70	846	0	0
11:09:58.8560	70	877	0	0
11:09:59.8340	70	1396	0	0
11:10:00.8240	68	1266	0	0
11:10:01.8440	65	1093	866	0
11:10:02.8490	64	796	0	0
11:10:03.8240	66	724	735	0
11:10:04.8440	68	713	0	0
11:10:05.8640	73	544	824	0
11:10:06.8240	75	671	0	0
11:10:07.8740	75	0	0	0
11:10:08.8340	75	0	0	0
11:10:09.8240	75	0	0	0
11:10:10.8440	77	679	0	0
11:10:11.8350	81	686	3486	0
11:10:12.8740	83	725	0	0
11:10:13.8450	84	829	0	0
11:10:14.8350	83	1058	0	0
11:10:15.8250	82	1020	0	0
11:10:16.8750	81	948	0	0
11:10:17.8350	81	923	0	0
11:10:18.8250	80	828	0	0
11:10:19.8450	79	805	0	0
11:10:20.8350	79	0	0	0
11:10:21.8250	78	950	0	0
11:10:22.8450	75	1553	0	0
11:10:23.8350	70	1371	0	0
11:10:24.8250	67	1229	0	0
11:10:25.8750	64	1014	845	0
11:10:26.8500	64	781	0	0
11:10:27.8250	64	0	0	0
11:10:28.8450	65	765	0	0
11:10:29.8350	66	775	0	0
11:10:30.8250	69	1411	0	0
11:10:31.8450	71	1229	0	0
11:10:32.8360	71	1133	951	0
11:10:33.8250	70	837	0	0
11:10:34.8450	69	778	0	0
11:10:35.8350	70	733	0	0
11:10:36.8250	72	717	741	0
11:10:37.8450	73	842	0	0
11:10:38.8350	73	891	0	0
11:10:39.8250	73	796	0	0
11:10:40.8450	73	825	0	0
11:10:41.8350	73	871	813	0
11:10:42.8260	73	749	0	0
11:10:43.8460	74	711	704	0
11:10:44.8360	75	715	0	0
11:10:45.8260	76	804	0	0
11:10:46.8460	76	989	0	0
11:10:47.8350	75	913	0	0
11:10:48.8260	74	756	755	0
11:10:49.8760	74	0	0	0
11:10:50.8360	75	747	0	0
11:10:51.8260	75	778	0	0
11:10:52.8460	75	1251	0	0
11:10:53.8360	73	1247	0	0
11:10:54.8260	69	1104	0	0
11:10:55.8460	67	1182	0	0
11:10:56.8360	66	1139	0	0
11:10:57.8260	64	1062	0	0
11:10:58.8460	63	907	0	0
11:10:59.8360	63	825	0	0
11:11:00.8260	63	0	0	0
11:11:01.8460	64	978	0	0
11:11:02.8360	64	1394	0	0
11:11:03.8260	61	1247	1004	0
11:11:04.8460	60	837	0	0
11:11:05.8360	61	766	0	0
11:11:06.8260	64	729	740	0
11:11:07.8460	66	760	0	0
11:11:08.8360	67	723	0	0
11:11:09.8260	69	759	0	0
11:11:10.8460	70	789	0	0
11:11:11.8360	71	1034	0	0
11:11:12.8260	70	1052	0	0
11:11:13.8760	68	1059	854	0
11:11:14.8360	67	793	0	0
11:11:15.8260	69	739	710	0
11:11:16.8460	70	709	0	0
11:11:17.8360	72	729	0	0
11:11:18.8560	73	758	0	0
11:11:19.8760	74	800	795	0
11:11:20.8360	74	783	0	0
11:11:21.8260	74	766	0	0
11:11:22.8760	75	893	0	0
11:11:23.8360	74	825	765	0
11:11:24.8260	74	800	0	0
11:11:25.8510	74	811	0	0
11:11:26.8360	74	782	0	0
11:11:27.8260	75	779	775	0
11:11:28.8460	75	790	0	0
11:11:29.8360	75	736	0	0
11:11:30.8260	76	714	717	0
11:11:31.8460	77	728	0	0
11:11:32.8360	78	746	734	0
11:11:33.8260	78	720	0	0
11:11:34.8460	79	729	0	0
11:11:35.8370	80	720	714	0
11:11:36.8260	80	712	0	0
11:11:37.8460	81	700	697	0
11:11:38.8370	81	681	0	0
11:11:39.8270	83	677	658	0
11:11:40.8470	83	648	0	0
11:11:41.8370	86	642	651	0
11:11:42.8270	86	655	0	0
11:11:43.8470	88	659	676	0
11:11:44.8370	88	721	0	0
11:11:45.8270	88	749	0	0
11:11:46.8770	85	838	764	0
11:11:47.8370	84	744	0	0
11:11:48.8270	84	721	0	0
11:11:49.8470	83	701	710	0
11:11:50.8370	84	709	0	0
11:11:51.8270	84	709	0	0
11:11:52.8470	84	718	0	0
11:11:53.9180	84	765	0	0
11:11:54.8270	84	997	0	0
11:11:55.8770	82	874	0	0
11:11:56.8370	76	955	0	0
11:11:57.8270	73	1104	869	0
11:11:58.8470	72	950	0	0
11:11:59.8370	71	782	737	0
11:12:00.8730	72	721	0	0
11:12:01.8470	73	697	0	0
11:12:02.8370	74	729	0	0
11:12:03.8270	75	766	0	0
11:12:04.8470	76	761	0	0
11:12:05.8370	76	827	0	0
11:12:06.8270	76	1234	0	0
11:12:07.9090	70	1063	904	0
11:12:08.8370	69	827	0	0
11:12:09.8270	69	758	0	0
11:12:10.8470	71	728	722	0
11:12:11.8970	72	749	0	0
11:12:12.8870	73	802	0	0
11:12:13.8480	74	749	802	0
11:12:14.8670	74	802	0	0
11:12:15.8270	74	787	0	0
11:12:16.8470	74	796	0	0
11:12:17.8370	75	1223	0	0
11:12:18.8270	73	941	0	0
11:12:19.8770	72	947	0	0
11:12:20.8380	71	826	0	0
11:12:21.8270	71	778	0	0
11:12:22.8470	71	759	0	0
11:12:23.8370	72	771	0	0
11:12:24.8270	74	1590	749	0
11:12:25.8470	74	0	0	0
11:12:26.8370	75	744	0	0
11:12:27.8270	76	703	0	0
11:12:28.8940	78	1491	0	0
11:12:29.8370	79	1039	1000	0
11:12:30.8270	78	813	0	0
11:12:31.8470	76	821	0	0
11:12:32.8370	76	828	0	0
11:12:33.8270	76	825	810	0
11:12:34.8480	75	774	0	0
11:12:35.8540	75	728	0	0
11:12:36.8270	76	765	0	0
11:12:37.8470	76	876	0	0
11:12:38.8380	76	1237	0	0
11:12:39.8270	74	912	0	0
11:12:40.8500	72	837	809	0
11:12:41.8370	72	796	0	0
11:12:42.8270	73	746	708	0
11:12:43.8470	74	686	0	0
11:12:44.8380	77	671	657	0
11:12:45.8570	78	653	0	0
11:12:46.8470	80	663	669	0
11:12:47.8370	81	658	0	0
11:12:48.8270	82	662	0	0
11:12:49.8470	83	677	0	0
11:12:50.8380	84	734	934	0
11:12:51.8270	83	891	0	0
11:12:52.8640	81	809	0	0
11:12:53.8380	80	825	0	0
11:12:54.8570	79	779	742	0
11:12:55.8470	79	712	0	0
11:12:56.8370	80	692	695	0
11:12:57.8570	80	692	0	0
11:12:58.8770	81	687	0	0
11:12:59.8540	82	712	0	0
11:13:00.8270	82	825	0	0
11:13:01.9080	82	1318	0	0
11:13:02.8380	76	885	809	0
11:13:03.8280	75	760	0	0
11:13:04.8470	76	732	685	0
11:13:05.8370	76	0	0	0
11:13:06.8760	78	667	703	0
11:13:07.8470	80	1166	0	0
11:13:08.8380	82	822	0	0
11:13:09.8270	82	803	0	0
11:13:10.8480	81	796	0	0
11:13:11.8380	78	809	839	0
11:13:12.8280	78	937	0	0
11:13:13.8470	77	857	0	0
11:13:14.8680	76	865	0	0
11:13:15.8340	75	794	0	0
11:13:16.8480	75	779	833	0
11:13:17.8370	75	818	0	0
11:13:18.8280	74	543	0	0
11:13:19.8470	74	1305	0	0
11:13:20.8680	74	825	0	0
11:13:21.8280	74	0	0	0
11:13:22.8480	73	801	0	0
11:13:23.8380	73	1371	0	0
11:13:24.8270	73	1364	0	0
11:13:25.8480	73	1306	0	0
11:13:26.8380	72	1074	0	0
11:13:27.8270	72	930	0	0
11:13:28.8480	71	860	0	0
11:13:29.8380	71	875	0	0
11:13:30.8280	70	1363	0	0
11:13:31.8480	69	1021	0	0
11:13:32.8380	67	942	0	0
11:13:33.8280	67	855	0	0
11:13:34.8780	67	831	0	0
11:13:35.8380	67	940	0	0
11:13:36.8280	67	1365	0	0
11:13:37.8480	66	1227	0	0
11:13:38.8380	64	811	0	0
11:13:39.8280	64	783	0	0
11:13:40.8180	64	0	0	0
11:13:41.8380	65	811	0	0
11:13:42.8280	67	1512	0	0
11:13:43.8180	69	1479	0	0
11:13:44.8380	70	1316	0	0
11:13:45.8280	69	1127	0	0
11:13:46.8170	67	1152	0	0
11:13:47.8380	64	841	0	0
11:13:48.8270	64	0	0	0
11:13:49.8180	64	805	0	0
11:13:50.8680	65	1476	0	0
11:13:51.8280	65	0	0	0
11:13:52.8480	67	1479	0	0
11:13:53.8380	67	1465	0	0
11:13:54.8280	66	1331	0	0
11:13:55.8180	66	1287	848	0
11:13:56.8380	66	0	0	0
11:13:57.8280	66	775	0	0
11:13:58.8180	67	784	0	0
11:13:59.8380	67	0	0	0
11:14:00.8280	69	1605	0	0
11:14:01.8180	70	1481	0	0
11:14:02.8380	71	1346	0	0
11:14:03.8280	71	0	0	0
11:14:04.8180	70	1317	0	0
11:14:05.8380	70	1195	0	0
11:14:06.8280	69	1245	0	0
11:14:07.8180	68	1119	0	0
11:14:08.8380	67	1061	0	0
11:14:09.8280	65	963	0	0
11:14:10.8180	65	988	0	0
11:14:11.8380	64	986	0	0
11:14:12.8280	64	1294	0	0
11:14:13.8180	63	1120	0	0
11:14:14.8380	62	871	765	0
11:14:15.8280	62	0	0	0
11:14:16.8180	63	765	0	0
11:14:17.8380	64	810	0	0
11:14:18.8280	67	1517	0	0
11:14:19.8180	69	1313	0	0
11:14:20.8380	70	967	0	0
11:14:21.8280	68	856	792	0
11:14:22.8180	69	758	0	0
11:14:23.8380	70	758	0	0
11:14:24.8280	71	928	0	0
11:14:25.8480	71	898	0	0
11:14:26.8380	71	927	0	0
11:14:27.8280	70	847	0	0
11:14:28.8180	70	870	0	0
11:14:29.8380	70	0	0	0
11:14:30.8280	70	1342	0	0
11:14:31.8480	69	1288	0	0
11:14:32.8380	66	1205	0	0
11:14:33.8470	64	1238	0	0
11:14:34.8180	63	1105	0	0
11:14:35.8380	62	1151	0	0
11:14:36.8280	61	1193	0	0
11:14:37.8180	60	1035	0	0
11:14:38.8380	60	0	0	0
11:14:39.8280	60	0	0	0
11:14:40.8180	60	912	1079	0
11:14:41.8380	60	0	0	0
11:14:42.8280	61	2303	0	0
11:14:43.8180	62	869	0	0
11:14:44.8530	62	0	0	0
11:14:45.8280	63	1467	0	0
11:14:46.8180	63	1498	0	0
11:14:47.8980	63	0	0	0
11:14:48.8280	62	1417	0	0
11:14:49.8180	62	1190	0	0
11:14:50.8390	61	1521	0	0
11:14:51.8280	61	0	0	0
11:14:52.8180	59	1486	0	0
11:14:53.8680	57	1342	0	0
11:14:54.8580	56	1146	0	0
11:14:55.8480	55	995	0	0
11:14:56.8390	55	1431	0	0
11:14:57.8280	55	1351	0	0
11:14:58.8480	54	890	0	0
11:14:59.8380	54	817	0	0
11:15:00.8580	54	0	0	0
11:15:01.8480	55	826	0	0
11:15:02.8380	57	1593	0	0
11:15:03.8280	57	1434	0	0
11:15:04.8180	56	1245	0	0
11:15:05.8380	54	888	0	0
11:15:06.8280	55	796	0	0
11:15:07.8480	56	864	0	0
11:15:08.8530	56	0	0	0
11:15:09.8280	57	1436	0	0
11:15:10.8180	57	1387	0	0
11:15:11.8380	55	1330	0	0
11:15:12.8280	54	1204	0	0
11:15:13.8180	53	998	0	0
11:15:14.8380	54	960	0	0
11:15:15.8580	54	872	0	0
11:15:16.8180	57	898	921	0
11:15:17.8390	58	873	0	0
11:15:18.8280	59	871	0	0
11:15:19.8490	60	923	0	0
11:15:20.8390	60	882	0	0
11:15:21.8290	61	1252	0	0
11:15:22.8190	61	863	0	0
11:15:23.8390	60	839	0	0
11:15:24.8290	63	834	800	0
11:15:25.8490	64	790	0	0
11:15:26.8390	65	785	0	0
11:15:27.8290	67	762	729	0
11:15:28.8190	68	716	0	0
11:15:29.8390	70	706	0	0
11:15:30.8300	71	811	0	0
11:15:31.8500	73	777	852	0
11:15:32.8400	73	898	0	0
11:15:33.8300	72	805	0	0
11:15:34.8200	72	788	763	0
11:15:35.8400	73	724	0	0
11:15:36.8600	74	688	0	0
11:15:37.8200	76	753	749	0
11:15:38.8400	76	0	0	0
11:15:39.8600	76	766	0	0
11:15:40.8200	76	787	0	0
11:15:41.8700	77	1305	0	0
11:15:42.8300	77	1183	883	0
11:15:43.8360	76	778	0	0
11:15:44.8400	76	731	688	0
11:15:45.8320	77	680	0	0
11:15:46.9100	79	667	654	0
11:15:47.9600	80	644	0	0
11:15:48.8600	83	633	625	0
11:15:49.8200	86	615	606	0
11:15:50.8400	89	596	585	0
11:15:51.8300	91	577	0	0
11:15:52.8200	95	584	586	0
11:15:53.8400	96	604	0	0
11:15:54.8300	97	674	0	0
11:15:55.8200	96	794	0	0
11:15:56.8400	91	1004	0	0
11:15:57.8300	82	1066	0	0
11:15:58.8200	82	0	0	0
11:15:59.8400	75	1011	0	0
11:16:00.9210	71	1110	0	0
11:16:01.8200	68	1176	0	0
11:16:02.8410	66	1208	0	0
11:16:03.8310	65	940	0	0
11:16:04.8500	65	0	0	0
11:16:05.8400	64	937	0	0
11:16:06.8310	64	1425	0	0
11:16:07.8890	63	1541	0	0
11:16:08.8410	61	1312	0	0
11:16:09.8310	59	1289	0	0
11:16:10.8210	57	1078	0	0
11:16:11.8410	57	878	0	0
11:16:12.8310	57	819	0	0
11:16:13.8210	59	882	0	0
11:16:14.9610	60	1002	841	0
11:16:16.7010	61	914	0	0
11:16:18.3300	62	896	0	0
